100 100 5 100000
41 32
9069 86565 17888 85263 25864 13594 29912 79945 25462 76155 87663 69371 84793 43125 20032 97358 66217 3784 42171 95174 42340 76030 45814 2883 93754 99816 78670 9848 66406 19440 85075 43332 64779 77055 24858 89711 47088 75033 37276 74229 93338 79942 61557 2332 32422 58799 93835 4227 96464 14792 80032 62166 2943 51795 56578 67868 82041 37126 67243 60765 88057 98988 42263 21187 9918 65889 63690 61422 40524 76222 95079 45052 84079 43193 74069 79858 26752 99293 54087 54124 1961 6503 17883 1744 39824 14272 5586 1012 84115 42032 99486 90724 52122 79638 95613 60694 62489 17253 83037 95460
92556 65009 38140 34862 28790 24096 46037 81791 91641 97648 33998 88181 97515 1136 98374 92558 23568 19950 15479 64716 76695 83884 66742 46623 48061 17362 3019 27965 49289 25385 44231 27564 97780 17956 2775 4067 60893 45025 18234 46747 37637 52503 22933 94401 68226 71916 42904 40081 59442 92929 30926 2991 14607 940 35640 59993 50079 12976 24859 65601 6508 9960 37325 97450 16711 91131 32887 6242 69491 67779 25472 74578 72176 41025 64973 87910 54158 94902 89857 27276 2286 29111 19907 81354 30430 42623 78296 55482 5183 45766 71119 55293 70225 57311 98234 85511 60887 91686 41557 7816
30792 37060 44099 2202 81143 80416 71024 4398 33865 2264 39222 90821 41438 38575 81369 86360 39434 88838 53792 57184 1649 95189 11940 87036 7128 13411 18488 96961 22648 97667 9651 15798 33219 95365 77891 68864 921 10693 88636 35034 51785 40687 27454 51109 88048 71791 58700 42817 40517 11029 83811 86876 62857 44239 92796 17891 13466 97477 5476 81990 1344 34003 7693 89157 29577 44294 76599 20588 68495 69505 57144 75939 89203 80979 84555 10858 49742 64549 7795 74685 18910 90896 79696 32238 99834 53018 63071 70936 41742 10777 92746 1570 8353 49031 83441 49284 95434 7842 3466 14920
59070 97082 34744 59211 23086 8844 25645 94312 11870 46323 7601 51791 63518 20990 56968 19029 77866 79587 40687 6701 38487 57845 81916 44461 57898 86734 69560 30570 78869 51649 50067 87092 87049 46078 95959 66752 38147 25530 36225 27860 99737 21072 75462 60163 52650 55250 46314 65293 57486 39400 58934 20638 5692 30960 66937 9194 61931 13675 35431 29493 94034 57661 28579 55195 61522 83611 44695 64916 76187 68788 28546 44918 8409 23557 24032 72382 22227 19626 83103 19281 60546 17871 7707 65490 29775 85905 27063 50731 51667 86576 26195 88063 27652 32952 54793 66847 1950 56522 29553 4595
41742 4865 67946 33409 50720 39301 72585 22739 76154 30756 57904 82471 83635 90818 92302 70778 72790 73012 88309 78810 74958 43197 83021 96633 32810 53471 58476 6903 7310 79316 48281 20626 9935 98934 75758 84931 69161 69827 81030 22342 92972 42206 11818 1077 45912 89489 43433 84804 6947 3977 36614 43228 60927 47277 28414 8611 99897 12593 79968 83803 90596 41412 59829 95163 79293 86761 29465 31480 45591 85858 20332 29328 82800 77113 47650 41448 76869 38197 54650 31594 16462 26664 79596 91656 74313 61029 67664 20045 3889 56382 55867 84206 19753 71169 32356 91103 46795 85039 29428 9993
16726 96166 78224 47782 90774 35976 74164 9121 70944 9759 90062 92093 85123 79853 95499 50891 77339 37830 55504 86197 70486 16687 1605 45484 19281 28939 33188 55711 89479 73023 44286 93359 17787 794 7681 21185 52870 55380 22187 27033 49191 9245 13535 45250 88993 38637 24876 9559 27497 78499 40904 17559 64013 20635 47696 85394 68836 74223 93159 44142 56864 91979 30053 48996 2572 41989 77996 64516 98908 42033 7670 85592 84833 56843 24284 21139 85533 91991 11604 75177 69121 75561 7993 4125 90188 25858 19152 51691 6982 43018 61359 28668 8776 15890 34082 99874 88915 3192 24533 15704
2041 50411 15597 33101 63023 33716 16360 23991 10520 22604 72070 93937 20507 30814 55188 13810 8654 65264 87331 89476 10061 32834 28739 94094 3365 43637 6112 99760 85639 57317 52277 95451 46827 20185 71541 93022 62337 34533 33183 79257 42342 36151 530 91227 82611 20839 83689 76371 75749 65884 34226 4172 75462 74769 58963 85531 52371 25942 98084 90628 14121 66338 18226 9861 44115 96981 2485 46188 55745 98467 53952 97738 50391 63025 12881 9214 96407 48617 36778 12758 15747 12375 9528 54439 72577 70002 98544 70494 6517 91362 63014 41982 53792 10601 53986 81489 81856 57045 48666 88094
30521 136 28639 30946 41006 3818 89564 95838 42738 2525 53457 27751 48533 87551 32411 45170 47831 26113 64994 14802 35560 4506 97082 69203 26355 98215 32757 7579 60782 86252 91918 74937 17033 78633 91566 5344 78649 7666 89639 67879 97766 20976 66745 28628 34467 19747 94749 87875 35375 96628 98735 95449 93746 48263 35097 51036 40532 40868 6346 95134 83867 75259 79321 61212 90230 20210 30465 4834 44262 46185 95221 81195 75783 25830 85757 49025 21770 57422 38796 25138 12898 22561 44193 85459 66314 24302 9580 51002 88624 25247 95867 54684 49283 38196 71123 83514 88491 34826 90358 85399
76163 35275 91809 21221 65376 65412 49488 42444 59668 56914 65845 34671 80126 21609 17134 69250 20766 11758 18288 83934 42814 4738 73792 45964 52002 77893 41736 16062 43230 82473 25864 90324 9718 49847 28933 10823 40161 87566 16374 87487 55985 15435 27188 22418 11621 35329 77419 97914 42930 26497 78578 97159 97324 80696 53791 49483 91681 65217 50202 97326 23527 57597 43818 74133 55183 79062 53756 94883 34950 65677 36838 11226 71769 30513 25436 37395 84302 73788 29787 92362 25594 30504 11169 72997 54574 91554 6839 72526 73981 65207 70766 35644 90080 95576 96561 99680 86953 21337 88334 54410
37236 26406 62448 76509 58719 8819 77927 38540 64039 66152 51790 70395 77734 15074 75066 98801 2460 3391 26415 69115 92579 9892 19397 38577 6044 12944 36205 41655 97525 30586 85795 46731 31597 28060 55353 93519 44092 41694 52761 80475 7403 47002 3887 12481 9050 12704 35130 84499 84796 22100 42601 19834 43080 4587 75213 81760 16766 53449 32643 73267 91949 4887 8787 60699 79206 18104 52896 10313 72039 22218 18061 92814 46292 60023 68068 41812 42192 77303 63142 43711 68734 32053 8920 82474 18633 55700 81392 99251 72103 75098 18135 63910 70109 79364 89293 18143 42371 9848 86515 58832
99234 68041 67597 11864 64468 48225 19881 58946 22883 45701 52012 28333 24291 69861 11660 39964 46182 21948 32390 82164 61682 34193 46982 29457 83186 58334 39470 63735 564 48946 56703 96019 92201 22764 59121 36986 75522 6608 9325 28114 6155 7872 13201 99301 17288 63594 92881 2594 46752 19986 71724 67610 52462 63274 19169 35381 46477 78662 70415 81863 44512 61848 80361 56347 32247 14611 92968 48569 79234 95116 14722 86099 52884 51637 39803 69400 69393 75131 37963 67002 82322 74562 36325 4216 41566 37258 16901 62521 29310 26442 12465 17892 26724 79669 55092 96492 92707 41100 14107 28140
74029 86252 28306 67307 35309 28103 8005 95216 57763 91393 52939 52324 58581 47000 49883 61184 48788 56560 83573 66322 30452 92622 78705 9155 42726 40217 92192 45198 76165 43469 95626 49867 14433 92792 94900 1968 61920 69425 8408 65786 90393 35219 32245 87127 20181 47021 3998 45479 27944 96981 76391 45550 8686 85417 26680 10699 56056 82796 18982 69646 57027 83998 55910 41589 23900 96971 16808 94742 79132 35412 43527 80711 71089 7805 14311 49715 35692 6118 43889 53655 78497 38297 35790 58976 9159 10210 92135 94685 70465 72091 43976 95491 49586 14503 79601 4420 95856 25180 30380 26903
44143 4204 37328 83376 14797 59477 12359 238 17464 22993 53256 93678 26208 37055 90542 97545 78883 1681 11849 87973 20267 80167 10105 31007 49399 75985 61123 76628 88973 27072 16250 56976 77690 17676 20613 38570 90092 84771 33176 63374 23027 1043 60507 55578 50082 40632 62954 88005 27644 13368 63962 53851 47428 40181 26438 29686 96992 77711 48771 20769 27692 22444 19575 57357 1670 44704 3714 74714 28520 77603 51704 95472 15677 98851 95837 63501 16807 57489 23275 84720 37782 16235 87589 12216 99031 1595 63243 73604 45975 31862 29675 41374 81858 74984 91076 23447 12685 93753 50305 80763
11917 35895 96293 87465 96489 23880 32486 91635 44453 59906 10381 61511 8559 13 49108 94322 71172 83178 48149 34207 82282 36448 78381 36910 9788 5507 10951 81698 47446 65273 52530 92369 54897 33637 55780 82294 44196 88604 28667 69517 83277 56691 28178 51931 1007 43605 33159 96621 13373 96650 86801 51320 27873 13536 45019 92611 56351 18133 99321 12394 79502 19501 96299 73753 60860 4865 16603 44116 99139 74559 23189 6407 2046 75995 32613 95513 5440 32505 14655 21276 30228 85391 61789 22103 6361 5948 50600 87481 36058 2383 44491 26477 16014 37434 66478 1337 52755 41942 90085 87529
90334 94136 95055 43950 54356 61523 52547 6808 84259 7224 41281 1254 78155 86208 89452 3552 37677 34791 25852 88773 16493 82475 92582 75576 66997 51698 58215 30723 65188 34140 77446 76383 44711 62622 65294 69314 9008 42470 92825 97625 36247 8490 96989 80512 83745 72026 69962 13230 63378 38448 7082 55180 79868 81308 21949 51975 87919 87687 41551 4796 14370 55905 62111 36563 83645 10561 49454 15485 81059 2698 53313 95115 72764 99580 34817 45537 32510 30841 45228 34281 14823 2136 22825 44361 29024 8379 85498 45665 63000 54193 75435 98247 40008 6599 5105 13480 11894 97642 35128 58271
17705 25066 97111 74799 50359 82891 34134 23401 76935 89928 82231 35497 51108 70132 88394 22238 67386 72167 6636 40548 89428 57738 40177 23999 91845 20091 29331 86636 8890 6711 90823 69976 71282 20336 27385 28163 59455 10140 546 79544 92020 98080 29184 21267 29334 11814 60848 27073 44386 23320 14022 47460 2870 48740 10274 57119 49595 40763 85953 90977 33983 51738 96202 9397 92890 79582 34807 50684 33056 91527 38598 72318 8370 36969 36763 66147 312 43328 16335 54864 76752 92835 79295 60133 10574 66948 86371 51954 5163 40585 35422 22268 28542 73829 95199 61802 46174 82675 51866 35780
47213 91777 11325 1205 65016 43461 42648 20979 10347 62222 63595 56633 73111 39932 57022 34498 37515 72618 2658 37394 19845 77112 21455 61335 62645 45530 55242 79640 85481 31015 82972 42731 45511 53782 95840 55558 38825 44726 91609 86175 90271 81743 85194 5303 39776 38663 49975 35099 52875 17976 8443 28942 48554 21495 66882 15662 380 45323 85229 36166 65104 65064 56120 4251 55523 26614 31016 49134 82366 35767 33189 86383 91133 703 18608 33539 55283 58945 60952 87564 88574 88878 40783 15308 16365 4940 86417 13323 32996 11417 41493 55082 68112 8640 6001 70636 12023 92256 28156 30739
43551 10208 10369 87653 17987 40502 65513 89432 39314 2890 5286 31130 39661 19644 41959 52351 90772 57106 25990 18052 57763 80765 44134 62829 70258 33375 6511 59848 47688 43332 79318 19507 55515 29645 24515 21739 82604 44473 75211 46205 42794 84406 65222 37142 27685 16249 28138 11796 75278 52268 48970 38212 57857 84805 99698 54476 34350 20550 83798 65653 22284 77598 55939 12979 83461 42584 6210 43810 84729 6793 46394 16112 47361 60999 41782 63157 14666 14710 35551 69157 42542 48904 77344 49921 37298 25591 3550 16687 33037 42134 37738 89163 17277 93541 85708 75288 84253 8054 62053 33945
29901 32656 73048 5569 29436 90356 68802 83573 61643 1896 82220 10063 51931 62793 20133 41048 14411 67351 90392 5635 66273 37965 21594 22265 2429 57546 73965 86781 56886 64490 95829 68820 62158 78351 50199 56609 31745 3114 5706 67216 53287 25009 44729 32214 55201 21292 93635 32741 14182 48357 92337 26214 35607 26443 86952 3778 40615 28209 52031 47892 6684 72649 31528 23776 12680 19932 88050 1983 70309 7307 5157 93326 86763 30776 17198 2743 42965 50603 46004 33195 36053 81703 37502 75987 83934 35562 91700 93034 29268 2015 36945 73121 60657 90937 39097 9746 24859 34665 69230 30565
14863 1605 94869 10508 47583 70200 72992 72501 85220 78600 44781 12166 12511 8073 26516 84091 17521 71611 47503 82288 35420 9627 9079 44339 79388 10501 43217 71149 48826 59170 44384 22830 27934 48710 27311 47033 51081 63582 59632 55354 59827 53211 66711 76125 80384 88758 25091 45699 8875 93492 24234 82797 31503 80082 80030 76068 45321 98653 69215 36176 46523 95655 97086 50754 85332 35000 33663 57099 22655 2760 93378 57852 80181 92224 38051 36600 58621 98868 87407 32607 91484 85828 14680 60727 68716 20090 30557 60873 99328 95945 82959 79840 95450 77702 6633 6193 71523 23288 97456 28439
29752 40045 44871 73048 27855 73682 55423 70813 937 5214 13610 69568 2213 99414 12392 54924 91260 71987 48292 72326 36971 42991 98697 95508 80595 70986 76270 26880 31502 85142 53058 33289 4697 85237 89137 5392 86178 33078 56743 27491 41178 30107 56546 84420 69422 82817 14989 3900 89538 18423 57194 12690 38717 32672 81164 82370 49816 2035 98918 15053 64417 27747 92311 69379 80511 69418 60052 64762 31607 59287 94936 8077 6166 50465 28171 72649 68215 4972 96623 37480 54217 84597 63440 32025 11990 29022 17368 50446 33491 81986 97744 8010 97745 12021 79455 51307 61157 85661 51287 56243
93783 74729 80763 95655 60359 17625 29207 62071 15301 41030 27956 65111 24282 30777 7167 76877 26880 24102 32471 87775 35089 46098 28269 42583 14795 70415 4416 69949 8493 53392 62522 22097 41270 95961 22661 36768 93804 85656 61981 70203 84697 87038 85272 88581 74164 87073 49149 54620 58803 96502 46942 45169 96202 37408 64644 30402 83692 38794 9342 85305 36791 71400 23901 54572 49779 79635 95284 89772 98920 44336 95937 30159 52560 417 80382 84032 84883 91403 26718 51612 13114 46686 7564 56771 43374 29439 36821 66290 26084 18981 27815 17531 32778 59808 30954 9284 26111 19944 65489 18665
38548 33695 41120 25578 74892 87479 86465 9040 6380 35337 51750 33051 74184 60317 51850 71755 56911 34483 32229 44527 87815 32134 63441 64909 45213 44459 38322 51841 74337 78477 74124 92003 34818 51432 28868 91604 16219 75692 95690 44178 93579 91305 44857 22722 76819 24702 68627 11315 30168 26540 72553 57384 88717 9550 43624 31979 13682 30790 39646 69214 81337 51712 87627 20161 62449 14317 99252 67974 21758 95233 496 97626 6069 19624 39101 14597 75906 52230 71610 6316 5740 55780 24409 56188 61276 58044 82764 19646 10397 78167 94965 80803 48451 7081 33508 13361 54356 29402 15819 18070
65958 27559 67734 14598 67949 39013 32162 88704 74456 91799 76868 50803 37650 23848 12953 68436 68674 5277 90990 89700 17765 41842 11839 59137 72574 43805 3891 87656 60629 16610 94796 29117 85474 99895 33353 99032 37294 99150 79124 17220 22370 63110 16291 12134 33458 86896 10247 10831 61725 43576 4117 20014 90629 473 75998 29699 77514 76769 12274 95093 94250 47319 7354 55503 73835 63470 11475 90582 8116 45943 3078 46455 64968 804 39780 79529 21807 2148 94727 34169 92658 48133 90666 14267 24394 65192 42625 95493 54476 73896 25566 9896 88526 15502 28154 66686 31769 71403 55287 2304
5100 55676 3263 42704 33666 28828 86370 66641 86397 21935 10137 81517 25520 24153 87381 7589 52392 33644 13042 33711 42566 15793 25266 56542 85332 81686 75077 38616 73840 58206 90654 30760 58880 464 59193 21166 39368 37947 20344 80451 25795 40268 22087 98670 94257 74946 3608 91337 52646 67432 74378 61825 57422 63527 40791 67361 86341 50700 90428 83713 44184 3370 70960 40834 83460 1490 80938 69599 71770 13472 77787 53006 56905 18604 6889 44630 41795 33704 12235 10012 38710 93964 41192 27996 950 67711 61360 91523 5561 13515 83979 32259 36511 10128 18636 16903 66681 77868 53361 3646
53442 21409 85886 24955 78677 57429 59915 41775 60561 69702 89082 82391 60800 6478 2016 95941 98023 83358 54202 60377 4019 84618 8942 1814 94145 87690 25667 11134 91241 71897 38188 9096 8195 19531 68779 52492 71403 27101 82475 94062 72519 56559 88411 91758 625 17896 76476 77143 2338 2285 47988 90700 44704 13920 60780 76771 5743 25335 33969 70214 9072 78912 7562 56130 83115 23733 76442 12336 83902 97987 67121 97960 57859 47618 55562 70647 20853 25397 54507 163 1095 9488 84617 56261 83157 98127 89072 77748 21213 61247 87228 39448 34266 45898 9433 50355 52080 37306 13901 61944
10477 22710 84789 3634 62429 54276 21586 73710 65679 43289 61774 76923 49197 74940 37186 6989 81699 67783 72285 4087 72226 41449 20904 37782 81731 41727 86386 49563 86295 82198 15686 4914 30076 83177 25416 70549 30488 55940 1285 40390 85869 68171 72924 47977 85866 23830 35762 38435 6900 82903 58528 35516 39417 50126 57575 18618 88078 52654 59708 67625 421 15350 40318 92134 41361 19926 72389 34726 6627 62266 30761 36497 61336 27422 78416 35995 73805 46398 7896 95316 910 92945 57059 49734 89728 77965 91897 8534 41848 44003 71411 67114 83431 73236 53495 5871 22621 17523 79398 83313
40864 31093 14595 84838 55766 20951 44002 71537 72336 24596 93921 95483 39816 40919 8718 25342 90207 13537 87225 64660 8683 15741 72136 68463 122 50576 85401 12123 89612 15189 4816 79633 97022 87529 30806 14567 81056 9161 78103 25219 90173 50594 96149 50359 17218 59544 91063 17098 64539 9961 40804 15447 78094 89515 97059 9320 78083 96910 43906 56044 27508 43476 41959 97291 18991 54039 28879 30657 12869 47720 71325 4439 24763 70009 62979 13951 46352 92703 84671 32712 79377 45034 88958 3874 3157 60537 44453 27161 23407 53968 91642 47625 81628 37418 30772 54931 92844 89905 28952 83824
16500 47576 39873 25138 34071 15667 6509 63553 56071 72304 79532 569 98133 72795 58247 11123 62846 31245 8157 5073 14314 71354 84542 68394 11676 31544 20356 44929 28863 95904 99179 75034 84490 23989 38554 4720 14489 16182 4951 49240 15858 23240 68243 10928 72942 69391 57139 61290 8428 36503 73595 19725 23011 55870 88041 45249 22162 67213 60006 30365 78804 13413 90236 94941 68878 11798 79614 31753 83052 72923 89170 16942 31920 25160 70631 66784 95355 90800 18306 14244 65456 90174 97493 63562 7133 24944 37613 3605 93569 45320 74348 34630 8698 65773 95433 54372 52078 12196 29018 13694
78777 97205 5363 89457 16635 75295 63360 33288 25314 6098 82536 70913 71339 29498 26149 72388 56259 8047 93493 83404 42168 95648 80245 36074 32436 20463 47520 80369 6307 48199 83980 30471 73089 10738 30970 62982 26470 10263 51968 16792 38759 86386 55225 76470 38250 79677 46945 49005 98809 15979 21490 94748 54149 39440 75059 81775 88302 36285 50525 8037 30983 26029 38898 14245 93280 16773 90152 29029 71961 1489 54026 15295 66666 4872 14442 92834 62552 952 48741 68325 57552 12128 74527 86297 83062 40544 38180 44575 70219 23923 4247 44213 93950 67322 74281 16768 41873 82819 99779 16025
55953 68624 89828 83787 12016 69593 75990 66821 6962 81421 29759 69740 45494 53633 33893 5945 62513 17385 24922 39525 72744 75925 83069 63729 58974 50416 46536 59503 94212 89409 56183 57281 31025 90022 36410 81906 60523 44602 35577 54815 28350 56932 18709 60063 60250 85966 55224 99332 3297 36361 62284 24990 34891 19128 79142 68853 90862 3437 58955 61889 62210 76873 66602 51828 81582 68450 65578 55905 9152 3118 55043 366 1988 32135 31866 92779 91027 50248 76524 86912 71309 30057 20188 21115 10590 2714 48651 97176 43284 93080 55621 66970 39924 10355 10968 83470 37948 9213 36884 84565
74161 7892 89218 76559 30343 18376 81145 42098 68840 37951 36664 15354 47357 40012 26511 37023 11929 89143 52905 83245 94587 50186 58103 70582 83131 51403 71093 95697 34920 5685 18435 80028 54713 36906 9718 95854 6063 24690 25315 30678 76956 26874 52404 6140 23904 51909 2823 45826 71147 79183 33999 3535 57770 19871 66637 61069 31582 99200 79154 38877 30061 10800 90372 36150 8084 85258 46885 52717 52007 94509 34343 24197 34450 22979 40992 46320 5080 88295 41177 91740 64273 892 64063 30791 66993 39091 15805 25095 83138 90582 43993 75519 44701 56272 77422 97723 55788 59792 77753 42728
80453 39294 14907 83109 99983 53285 12135 44083 14987 30980 70629 84220 74924 33796 86315 94391 97229 75081 20060 22781 52681 50256 10767 55767 36712 45492 10869 31819 18595 6984 93425 74607 51015 93245 34090 49259 48400 57791 58964 63073 68155 5839 51155 42938 32005 99359 9887 90743 12350 26266 88745 81333 11452 34246 12246 1987 21607 16025 53322 19649 18605 30500 77953 23381 44775 19535 44721 8211 31133 35373 56097 16928 94931 75315 70348 94125 25602 75739 35291 9054 60698 30194 54069 73247 14949 77854 50512 91362 85511 13141 69940 49488 60951 47391 96944 78951 39004 12698 12002 28001
17812 4462 92400 16471 42922 86593 30373 29045 18256 67769 51471 30527 32188 62934 50268 62509 53558 31812 78287 76224 37070 87656 29160 86845 78566 70549 78492 32205 19590 68590 73983 1875 30887 80511 91578 12062 94820 73261 46579 87901 52845 10802 15875 84197 98496 68876 45586 96129 9070 35621 3315 16209 30291 84944 86243 19712 14174 48553 39472 26994 54340 37112 10382 35324 45928 99220 86610 86587 31356 39111 79695 68415 49740 2864 27179 73360 76948 49203 77854 44500 47477 72674 25260 32561 24448 14067 69249 21300 97213 81043 6897 21570 82870 11004 36366 39910 97357 78852 96883 74883
36546 43705 96989 97439 70122 94664 378 63115 76979 13620 61571 65951 84365 24876 22796 10668 8527 53679 7633 89435 95022 41825 38557 85850 65688 45042 99912 31090 53240 41261 77460 66991 65328 52883 27409 58901 98340 81430 15455 29811 61720 87332 9068 13478 80821 23713 65963 68260 47397 46316 17531 36481 949 24508 20974 87627 59871 56465 71684 8808 98268 48319 18935 62515 95210 27238 91526 17526 77699 86479 16541 50330 31138 57826 20105 17743 4265 37523 83243 85271 34154 55341 38385 3227 62950 82345 82938 12043 19200 48833 56345 37775 29130 82573 9068 29702 90487 16266 58160 1505
41362 44727 19565 97186 52520 31631 23587 77252 79756 48829 35936 26947 53211 53320 30386 38166 30932 14837 6648 89111 75319 9659 24460 7645 47904 9746 75611 9272 78158 72049 47134 89934 89579 37225 22680 23605 76976 93539 27767 54065 76975 97566 6043 96660 2653 25304 84535 19243 21675 90750 56210 50941 16972 66160 60100 10340 20237 99370 83471 95177 10893 47287 1822 60943 9970 17294 29790 32008 25815 39520 96767 21805 69469 69800 66035 70338 76040 66424 68558 67394 18582 37946 12695 43110 58626 73701 31106 44365 91891 31062 88624 26849 67334 68917 9284 46811 91131 59918 79583 85013
60028 90902 92593 14104 78179 38514 60449 49339 47727 71430 97823 66969 62859 25559 44448 42495 81559 82236 9608 36138 60528 2501 23444 32367 60152 89628 57580 19342 44395 94901 56923 96362 66681 38807 91470 97446 37027 12078 96058 28507 91494 95611 6598 22019 55226 94270 64723 90968 24728 5953 59102 97871 87860 53230 20497 46131 9030 30218 61520 88147 34919 60313 16906 22922 95601 38418 78495 92830 51946 30938 24428 73940 54029 9365 57959 34874 27243 49191 7223 90837 30327 74878 45790 80980 56007 66096 13857 30702 18106 37484 81194 60289 14955 17121 82996 81495 71076 32926 98772 13145
95619 57607 67416 11981 99881 22173 8078 54950 33475 98516 26420 12282 29822 98867 4836 64053 15853 3937 5537 88450 7551 92475 21232 73143 55251 98134 49944 32387 74551 82612 36523 49805 77630 23813 1850 50227 40932 22901 3749 48267 90414 61286 99961 74952 48239 25145 61841 69280 36287 95906 93769 51565 94149 96114 45370 83394 88371 37347 93386 41168 51585 85837 59502 62026 34793 34460 81021 55311 96446 84335 70246 76208 55466 79760 17869 13967 15441 13882 12598 95296 69914 87119 95832 65924 52003 63443 11885 51716 33207 44073 45397 94494 33142 44857 56421 82469 52288 53817 52183 69151
68168 7640 91207 35482 88708 7951 42830 15564 13323 58151 88885 77539 42245 6403 89085 93785 40820 50757 58001 27601 38594 97506 26314 1141 63634 97352 6951 34999 65872 57043 28451 21234 91175 25066 38855 63160 8529 28061 635 51392 30323 22284 64765 39199 47846 80393 32209 42883 97729 37830 22725 70984 7526 89061 9951 82127 45976 62389 27200 91155 30468 28225 25404 88490 49599 44107 44845 78072 76950 38049 79399 93654 27636 25283 19787 67810 88860 90786 10470 95428 79453 34098 11003 46663 63749 70119 45218 91192 74149 35907 61263 21236 66321 92181 61380 98940 20745 25058 81637 29303
73661 79498 36149 49835 3293 15434 26848 51956 57135 72369 97398 11456 17742 78081 47197 85516 53415 18846 52731 1279 44403 94533 49259 21008 93984 23810 93563 10846 44100 61412 77750 19757 7309 58048 88580 91686 90870 47070 67794 65485 27519 71127 70627 11429 42702 4857 69713 159 68268 62101 25040 53067 13477 86859 26308 7443 74511 11178 93841 54111 83816 32826 85392 28751 1140 50871 69174 24650 24544 38240 31830 12713 28065 49561 1078 96429 49551 39978 24137 88667 74756 89944 29547 45640 51203 61402 90436 46859 65793 7559 30404 22735 56477 51069 91838 41828 43710 14351 4941 86420
79119 91688 5229 28514 54924 66389 78042 5312 66943 16061 22459 61793 66702 61989 108 81714 63108 49052 95654 12808 50637 38736 39283 23311 38186 79870 82888 68225 17156 83914 50787 33469 67283 7826 63500 73564 93490 67522 507 14001 75087 30206 18021 16971 93756 53094 77949 33348 60739 63285 47917 8540 16200 81030 15955 47949 47712 52197 97960 28756 35201 74929 3653 41354 34181 56951 84247 60335 10467 92206 29817 48619 24507 42368 19766 94161 85415 32104 88087 80003 79652 65943 25050 2604 33630 46738 15922 71188 48460 25052 38819 83500 65539 75507 72042 92431 26729 54769 14323 15836
23549 53860 10336 21122 61347 59879 85649 92789 44645 6160 70364 79968 59878 26145 93828 49999 85947 7564 66639 77762 76999 62106 15555 62047 81066 21761 43674 98612 1508 62022 87404 48511 40132 88272 44652 60705 8804 45594 90454 32862 21096 6234 84981 85209 95604 80017 73872 59619 42733 41195 34799 89172 10284 18540 32396 6820 18785 87675 51407 37659 92652 42842 28487 17851 8438 52642 32860 23464 53177 86620 65163 11196 87919 50132 49526 21089 47073 86766 78137 42354 81753 58389 55331 82967 84076 91511 49289 72010 23334 90804 84978 77611 36927 60362 80971 98416 4648 56575 68804 98921
11327 75705 51547 86444 48193 32567 61830 91482 16221 1996 46254 47850 82028 44564 35057 18237 73695 78568 46477 47008 18362 33400 60073 48120 3805 61750 78012 90946 46742 59767 92646 60536 85387 41933 88499 263 53658 92941 46565 60362 59417 57326 15358 19235 70825 8291 61229 97182 77238 55076 61251 60240 79120 72938 95544 27376 49027 4327 51286 66381 29690 56207 48013 34752 29299 64802 3940 41229 94523 57687 60225 58550 89200 90075 98562 44458 46372 38340 77162 24779 77580 32812 16102 8886 31392 71431 13225 33859 65388 68564 13859 29184 26153 80968 51246 65652 43797 29865 6462 8434
58920 80481 3213 42325 21869 54069 83042 92668 68883 28351 91068 17708 22047 81929 8649 14891 13612 95475 44475 20326 27980 81381 52749 80741 25461 24655 64869 83958 95995 27633 40618 5471 52015 34873 76210 27911 62062 83608 82296 10038 37417 47105 22802 86346 62235 85581 48596 44811 23936 56006 13975 56382 83983 24694 23248 51366 57372 51829 21709 80869 68209 81972 74293 63540 16898 44178 92353 90062 23679 1582 12619 42534 34337 30906 13099 87524 71888 17722 2326 18285 48553 176 5350 30827 47559 25708 65057 85205 4001 16829 92262 22299 81435 13549 97463 72325 33868 48412 10634 27599
25307 53851 12542 4735 34596 46003 76626 79688 94347 41977 95128 100 17825 39286 82392 40430 8375 86582 35630 47117 78375 26318 72940 55032 31564 86839 23517 37136 12784 34912 52794 33605 33398 42881 79963 74700 70810 84870 19955 43405 83653 20984 67799 90906 16879 42900 76987 69494 39038 76055 82397 65501 95259 88784 31816 20051 85203 78606 24992 44384 57160 71235 14828 59325 62090 90251 4385 51414 191 57812 61340 62383 24711 12874 16851 80183 48743 34205 54751 32859 13795 13598 13674 36800 14479 13821 80554 63671 43386 51823 13092 66452 21221 98165 55038 86313 59586 1114 59880 13709
6822 36224 99372 9227 8504 98894 30952 36266 36973 15909 76287 26245 24168 99548 70608 35239 42667 26474 35659 45934 72641 90360 16345 80947 5386 95104 56329 35105 70542 53718 96229 13463 74076 87306 55644 85126 74802 79983 36981 36221 27679 26566 56681 98557 20754 54528 55193 37754 58208 31871 54061 81688 60511 9311 10342 92264 72079 63503 70533 62252 39152 33555 30828 82995 9735 85372 91145 40655 77449 82264 16272 55393 54902 39823 67153 49796 74370 82931 24759 39068 83792 14281 31939 84541 27771 68763 40476 84092 89539 46577 70726 85883 96422 88006 6561 21540 15040 92658 5242 96749
21008 97841 47935 78608 19050 94337 50277 70374 11078 80936 40714 52067 91535 79033 22678 27474 44121 38730 18238 21412 10773 79584 54971 33488 72069 91299 76140 28958 5170 95908 6351 53547 1350 25444 75672 55347 15091 11885 21370 94817 20146 67621 53001 63825 31313 85613 97696 58049 35922 83732 49759 61381 42968 94907 56283 44146 25992 49110 71523 39318 49209 57053 29147 26299 99893 96635 78166 66053 34634 60272 14244 78274 12404 73782 36486 7456 55065 58314 60336 25329 49916 69291 98964 75230 72298 62999 25032 20057 21728 99896 90709 73834 56097 14365 48729 28173 1987 22246 7150 88671
69272 13303 29417 98503 88338 60727 58596 15958 72508 13742 43532 8864 87308 31589 57789 38234 49580 54317 23415 44511 90469 31498 70449 27186 65930 5124 2225 93506 80986 92038 45108 97198 39629 63202 37808 75368 91156 27881 14886 93192 23340 14471 30316 38556 75381 50205 50553 67256 43728 75342 28850 20355 73487 88606 28737 73924 52745 87062 59675 78792 28859 90092 75659 65363 69356 14212 49559 17924 50801 64328 29896 55633 42874 46942 55290 85513 67119 55754 31815 76861 65285 29837 55577 26309 53367 8179 79260 80483 86107 93477 36396 64335 83671 25162 22775 30224 18442 65126 40274 58224
10855 55425 29811 34947 38805 27427 73025 79424 15974 17027 32151 37073 60771 12092 33870 35577 56514 34156 77156 93268 99584 24986 22302 28882 81135 80000 5600 75080 93094 73179 13518 35960 56532 95993 54081 17443 49745 85964 24429 68149 58637 87675 21766 87142 48532 30660 77494 75792 21190 6941 29960 6761 48319 67393 23626 67294 85486 38570 19782 67893 36071 53600 75998 62452 78769 4804 88262 51909 77990 58149 27989 51324 67828 60607 22964 89691 41962 91397 20340 69460 13952 71722 2561 20189 2222 12330 57244 13921 82515 76534 36491 3205 44154 30930 44965 23939 77698 503 79179 48367
82834 51919 92165 57336 70132 92348 95297 33468 15265 87973 95855 79335 33278 31660 15479 6185 5478 36227 84163 86700 23200 4398 24278 75711 17722 4911 23753 70839 16458 9524 65024 80991 54642 25374 75340 32851 57516 49531 59499 76314 98859 91790 42823 99875 78527 40524 42160 28845 82888 24751 38210 17304 43155 15580 37499 77355 61687 81818 44915 79101 41969 86862 75359 79087 79141 95662 52936 12732 60899 66720 45243 66623 67060 59491 7463 58632 44926 17196 16957 81936 41927 51498 15787 76383 465 3169 87401 22770 81818 68616 1510 98245 47980 79301 156 60717 1403 22707 39973 8710
20700 7072 34366 24614 92869 40181 95211 34877 27647 50355 10048 72034 68492 52074 43956 10760 50041 48911 91408 69169 31190 34368 8365 3567 27549 73193 53503 61333 7284 86525 74388 13730 82697 98042 30567 65544 53663 8040 57242 35094 1136 76706 92547 90647 89612 70448 86578 81555 52365 79251 2598 64237 93776 35117 44459 36802 34544 20982 66413 43386 83414 90249 19985 92777 43007 51923 75354 66052 97159 19609 32598 6224 20311 17125 72000 2487 8281 56787 75404 6039 74576 37648 94979 49542 5280 88235 96200 46844 69531 16072 89950 47004 19531 641 1794 60987 22633 39754 55696 77521
63208 75914 28744 54021 7261 32360 88823 19314 46103 76569 93359 11649 58285 47727 27873 97621 22534 32827 8867 537 28987 83424 52566 69210 32753 39043 72316 27482 33137 93707 1018 29882 91672 77770 25940 55499 43578 57936 95741 75147 14083 10937 94241 4049 94205 770 9637 76529 38054 44811 66875 82294 13517 97696 86964 56789 1875 35167 63824 13445 70566 2670 75935 43058 50996 68165 33170 65731 13489 16724 18600 4069 54873 21206 45702 97183 29574 70824 1319 20586 47546 64486 28513 7295 44072 37229 59623 96892 93091 80646 296 18465 41960 17110 95955 34731 1400 40672 62005 87629
76035 1915 20684 34937 17368 71966 88296 43990 27339 10737 65498 24332 66146 54187 70783 56261 85530 42221 21803 96610 43925 35520 23138 78892 11273 16592 79931 87700 17083 4513 1032 8929 66718 66937 77508 75881 50031 33027 76568 87630 4595 62034 99692 3135 59242 11377 85187 33367 13431 80850 51883 28417 58630 57479 65318 40458 2419 36689 21621 87969 24076 78114 86265 2261 31174 1691 55952 8504 33789 80827 20213 99713 4016 63864 71179 59901 13998 26700 32112 12926 81963 7978 95965 22643 9854 7190 14257 41289 50683 87374 39086 32115 39251 63661 5822 10658 17617 75537 34853 58246
22687 71031 563 82769 61071 5057 20859 91418 65842 55340 33247 41507 17748 25005 20770 13930 11054 69006 65164 18795 91486 46663 68297 19635 25527 34617 31639 45003 65878 22220 44150 50221 5986 87483 66727 48328 78660 39294 55314 27549 32612 78676 79414 42061 77678 79733 26260 74865 90466 77280 73415 20022 53844 68851 56564 67639 26559 48661 81293 56769 4517 46044 16307 82556 40521 25530 23309 40043 76155 69899 32758 68671 59138 67537 65461 22885 97008 71607 8355 10714 69565 61286 44957 84020 22246 23096 62142 88256 33715 97065 17606 67307 25078 60937 70211 34966 86409 56730 78184 42816
35935 81990 21926 61021 82398 13385 73865 87459 66212 71489 22809 93967 65426 79956 72820 65969 58017 35953 28956 67155 24711 16762 3315 44318 50794 27257 751 37653 87089 23581 52965 67148 28284 76958 10208 24704 89300 75740 27885 42319 94193 15645 14534 50740 7125 557 52175 83680 57237 35746 20359 45874 29939 83943 43164 75750 43699 19503 21179 54309 8560 74838 73446 3631 66113 63332 95456 50940 53142 63247 51957 20381 14866 70536 55154 89456 48853 25790 11421 78657 37775 45560 92650 87005 43797 6385 67331 41622 92797 52789 75243 95171 96166 93272 69858 79270 92088 20988 57841 15130
62635 92339 30881 81229 74724 98908 5576 18450 68483 45106 22298 13445 85952 15487 74035 95203 84185 27727 63860 39366 59505 7388 41984 77161 91165 75527 50779 87359 84914 11606 4786 84693 56434 350 94128 27206 35927 66898 81068 91404 78719 3456 76169 39110 46293 32549 51097 79419 32278 32289 23326 12229 10707 56101 8180 89921 35594 4364 17663 1386 99071 1926 88757 69681 29963 71917 77977 96431 56383 72773 68838 84267 15903 49191 12757 12539 34744 17127 14737 53596 72885 64174 40267 1513 54180 53868 11986 39446 9211 18362 19754 82964 49710 60208 30781 343 65382 77029 36738 18267
52190 47903 11977 47688 59562 5245 3081 60831 21737 77963 16840 1379 25092 57744 96613 31435 63214 53449 67307 98546 94187 63840 30144 79653 1127 75139 76338 74200 35562 85350 8804 81319 36744 70972 71343 75077 85304 79218 64700 9262 48577 6825 46800 44775 50370 51455 28460 24218 81256 30452 65288 99703 83782 16501 38062 84143 71178 11195 27494 47448 50408 38418 51354 90972 68084 87236 79933 7852 46896 8952 49529 16541 43491 93746 90540 34944 82493 51919 46981 95251 24244 95917 99094 87581 3286 93612 89650 95292 1347 12058 42785 2466 59234 78351 45118 76243 16471 44360 51430 20141
90941 67442 93771 36606 95333 29501 27228 85927 90324 87651 88844 938 46086 42735 89378 56327 46669 53889 73971 75468 2919 89001 45221 43806 64658 19824 72818 59891 57995 63207 43867 79966 11867 78351 3039 17120 50017 8466 60562 22685 83774 44199 79887 76116 1548 4526 86282 70314 62313 97874 24390 68006 99444 88153 82807 81278 94012 82875 33459 63041 61692 37003 36830 15065 9003 86525 73911 93526 56076 61640 36394 30384 60904 13104 43072 945 46189 24939 81250 82940 9098 91519 7265 96997 22216 31971 55893 91006 33314 20164 82459 46316 64010 89786 80152 36118 85318 76171 53848 52179
68696 71607 80631 10775 5295 48949 74178 67579 9743 32882 4636 69285 33169 52865 93396 96004 93898 23982 25625 88294 52208 60202 53124 53400 16113 94944 4307 8195 59055 99826 32026 38879 24628 8558 20346 84636 17987 40419 7446 62261 26673 47784 82194 25398 19066 61870 47586 28936 73383 40305 13044 25696 90676 23928 54072 55113 64097 7471 5873 43915 65268 23746 93627 7217 42868 80886 23097 80923 16821 82630 12756 30673 79397 81300 70201 54977 9286 51641 18098 66526 4220 51950 37565 69810 17636 47799 20421 28926 32101 51537 60459 524 18145 8153 57996 59122 60533 23187 19025 46278
97502 5459 65749 91110 79854 37021 50958 83610 9259 41489 57555 52655 1470 25609 93649 33805 25254 78353 45430 48838 86774 38590 91510 59509 80395 68755 34324 67757 60532 91728 74961 31147 8578 28770 86252 49780 43222 42983 37662 90618 71090 60152 73646 56066 78677 79255 7373 39982 12984 94837 24424 28766 42473 38046 74826 22826 53710 9891 68931 70023 65920 36474 47180 30078 14433 21651 26126 94726 72718 69678 56547 49367 51158 35133 52025 56858 13760 72743 796 26217 61186 28647 49276 90868 43401 66259 55328 15209 95862 91815 14897 42650 86123 14452 77746 97021 94601 91695 46476 63323
79772 83513 36792 21547 94355 79643 96616 21984 89679 1760 91484 9761 39421 84419 58696 6721 27744 66019 41631 37919 7914 22580 42715 73584 34165 2423 72082 85940 82221 20351 75405 14547 85265 88455 54870 76382 12920 20668 24949 3640 12344 34848 29812 8702 32530 88948 84376 24419 13339 85944 56635 96619 92577 68042 61972 20261 64953 2414 16107 55417 32133 68600 49892 47656 23931 35740 61243 45525 94747 72793 4975 74378 76270 19703 41267 46034 56417 63887 36176 46261 8832 11948 89068 14401 48249 30739 60335 38366 93280 46199 43452 38001 47053 1650 44325 9809 58011 57547 35091 54177
33095 79521 24043 84413 61149 89092 58689 45824 61318 73589 59446 29542 97157 62140 28465 79361 56649 28373 37887 94220 57869 21441 72574 33358 52578 66921 5134 51115 41866 22969 70534 27109 85808 22598 16504 96208 60529 28175 31730 52153 94096 27824 40697 66234 46247 17680 5219 74826 67423 80203 48829 60856 27372 71884 5400 77434 38508 57132 35490 76767 41545 71424 47608 15951 41837 95991 94465 54757 72415 80767 62637 84430 39344 83207 73835 45519 50254 10751 97381 10345 1312 23956 51371 95376 45808 97663 27460 34153 32276 94481 14440 21318 42253 19457 33757 55155 39717 7370 4543 26211
74908 27448 50740 47508 82889 24278 70816 64427 27315 39530 91242 25536 40294 92 40845 15685 3315 29302 76399 46190 22515 66466 44735 70114 58181 58091 85456 92923 52168 12513 6250 85365 39936 60343 75389 38762 32303 7795 56892 4108 31670 30845 51864 93248 17552 25733 30273 510 98094 81759 3329 77685 24386 88253 19148 86974 77291 60681 825 49136 10770 51275 72185 50554 52219 9589 23928 71808 4987 38941 83574 26717 64451 23745 64726 75763 85301 62758 70333 41019 57759 75526 14639 92249 71684 76278 97613 73901 56821 52936 6729 64363 75533 84971 19945 19807 81505 79479 88205 69032
57499 3501 64283 30434 60823 12535 9776 8926 33384 31135 94044 99696 28009 33482 82160 32133 19133 23341 38307 53590 90422 95630 87762 58621 5549 73115 19451 86135 52298 29057 61778 23441 81962 71763 65609 88658 3381 64036 83230 68923 32233 84265 33207 22202 91864 21312 93645 25458 2866 25995 9210 46594 73833 50618 19611 3305 19254 87660 27756 66041 91669 29381 42059 22471 28359 24841 19408 82936 35369 63784 14062 54085 63923 87713 44353 8033 99277 94636 23826 90748 27347 23703 64329 40048 28540 7638 48985 37889 62808 1095 1188 69516 63949 97564 64018 55800 29241 63509 4826 32490
79954 75363 21091 53354 98030 70508 25932 35752 97738 19990 89621 91047 53306 61945 58025 73537 71812 18595 7426 39927 81693 29393 41650 20849 79622 89234 8523 39672 83670 30896 45541 29577 46585 43088 20391 35372 90113 92358 26188 73793 36395 96010 32369 64046 98878 94470 63547 62408 16376 45523 91139 34316 71888 57183 3934 19343 7159 11443 60333 7849 21523 9571 69793 48381 42092 73814 92057 65240 84768 79437 24393 97589 15925 77115 78997 73439 15806 2942 16643 41629 42146 87800 70137 51217 9656 58735 29721 29574 56085 1753 93927 41896 49350 34621 34308 42081 66869 11449 29255 22170
71501 81510 21288 84702 58215 20749 15427 7965 35326 98842 59770 64922 68239 54327 64307 94121 27858 71302 67388 58388 12979 46092 83572 75308 74958 37055 67148 96640 6849 77622 46324 89455 91784 47553 76607 11062 57805 83173 1352 30747 76682 46692 73963 52652 16654 14732 79699 68271 56035 32903 72325 88694 10658 20678 24215 49194 4101 42309 50811 25946 42972 29868 99777 29694 32046 70360 64859 89954 89928 30548 7004 81996 94243 7684 39841 60648 96943 59785 6931 34871 21378 9079 46797 66219 53339 98237 32396 69303 60888 63225 73636 94304 11180 68312 20043 46956 65832 51110 56876 69746
64560 99117 44988 46784 29434 52026 22079 44009 39654 88322 43913 18216 58135 68245 78212 32986 93472 84964 24577 24279 18204 55169 61552 84767 54294 9725 77896 71085 48463 59319 56222 29925 94721 88580 77700 53537 38217 74356 83465 84525 28711 33916 90899 5085 90589 84688 34860 17912 9941 81425 41517 86114 18863 96244 70405 74322 70308 36440 81481 54542 41044 94639 28991 12446 76729 40067 70788 99528 40510 78819 60054 16834 1341 12686 41178 76439 40377 92071 98597 69367 5195 26527 48555 19966 60512 26200 36812 21730 99976 94401 62148 8702 53761 34700 44754 6350 12638 74471 21756 39169
66381 68756 43370 8924 58417 83674 65976 54232 82609 2896 30923 38755 24629 95831 95841 27523 52481 19767 88629 22235 40503 28650 74949 87602 46092 98456 74849 19486 24651 95717 86560 14785 28261 79306 17796 6093 88650 36882 28105 25925 29843 46527 96325 45039 19613 68277 60854 51353 62101 85059 87795 7818 21601 79637 63196 82669 15814 94140 82998 92044 25097 48551 58743 93227 44893 52408 90503 83782 7658 81136 70011 99679 60614 56389 56818 30084 40261 22055 24190 74767 53416 49973 91449 49275 81277 75241 23974 91536 4188 82383 9341 17488 28358 10303 70826 42264 86077 89977 65034 12423
77662 3402 33864 26121 43864 7563 67391 54651 78616 24764 34709 2920 36715 7972 94452 25880 71928 80816 63656 83268 93810 99648 34825 24463 56280 20696 32387 8464 15484 98599 30444 29656 74650 59973 86365 54322 44891 27222 25729 1027 19585 78207 91369 93792 42911 67950 53102 72201 30269 84821 17082 24191 5676 14413 35329 68609 12687 77920 7677 97674 94629 49810 68308 94849 37076 30404 62398 77649 74286 25499 56402 71242 83734 34654 65971 52505 57779 38857 73226 91921 31600 94718 2760 16893 36438 35535 18525 25360 71699 77937 65141 71443 81823 99395 45882 71292 4103 86881 11943 58780
59332 45656 55509 61948 18958 15915 80317 68753 20045 12463 90333 38576 57462 56018 5070 3547 48578 37908 55110 16637 42257 45501 85480 51811 17677 18949 92212 29126 86452 950 74159 56642 2900 11903 36396 68208 44010 67067 23818 14700 33479 82443 12135 13302 75783 80303 38392 20395 59305 71905 10092 97265 81651 73735 18920 54303 21209 25338 13937 76055 65244 45503 38220 31880 54112 28493 60083 11112 16639 74217 1459 25351 81637 66498 23602 6794 6095 17585 89558 54065 47981 49970 18042 13914 46815 93836 53318 60037 13011 40092 69941 42735 33557 54868 82670 93302 43865 67369 93641 31213
46621 24454 99715 95698 82024 94046 5545 19080 45451 57808 27056 31028 67603 61160 92158 72457 81618 17416 50038 57390 88774 86748 36817 50176 35752 74994 45659 4494 70811 24788 30929 75148 51049 7157 46649 27482 41825 40262 35141 52889 39394 42607 95869 85873 30122 44196 85966 57505 9177 12968 19972 25307 987 23680 13812 31444 33316 17558 82712 63445 16551 69934 82070 20769 58511 42481 69919 35485 53636 58695 32516 65168 87981 44286 14487 57453 70349 81036 48283 86452 370 75469 29859 81029 99951 66017 42629 28419 87466 6718 15540 75751 3960 94996 56221 51757 85949 91525 38695 83973
27756 28360 29536 62469 90413 80420 60042 24605 77197 97172 30766 67130 11498 56463 97442 89430 81111 66076 5399 46288 71486 44039 19596 71376 65048 73381 25339 19129 50320 49869 60575 27780 80539 27276 8212 99711 34505 72167 73495 23909 1995 37879 6299 71676 53945 14129 9723 1095 98275 51348 33520 20628 68649 78066 75798 67426 3496 62174 98415 87771 36778 9683 26393 75088 52957 74623 60250 77827 35039 48554 6530 52348 21214 47131 90874 79489 98216 90403 54037 17154 89358 30458 73555 12023 8446 57328 55085 80670 95661 98105 35765 91395 45438 19338 16209 72768 31186 7585 27510 68090
83733 61917 87106 40047 52722 48058 2306 33120 93434 52975 78513 32916 51108 68410 59162 73257 40775 35677 39393 17932 13247 17904 71124 31907 14793 42837 52317 75332 79736 42539 85475 52689 98103 27964 94853 46990 18543 84899 54748 30674 23612 55318 33162 26556 33773 80407 67670 99593 94931 79117 59165 79332 6160 61016 64248 17821 64748 59856 27492 19830 19745 71347 18658 86302 11732 84300 66318 53085 48192 81100 53173 97417 13277 17136 30488 60738 92986 55416 16776 85654 74992 40293 40733 55534 763 67608 24141 13135 42558 27256 69357 82761 31249 21344 91598 76019 75392 10486 87129 72093
90731 43721 85345 15140 67129 46828 55129 99499 77098 56412 34069 99613 23438 38285 642 13612 55094 70681 61680 55355 27636 78635 29121 67148 55488 86405 74247 26346 47654 97688 63811 66326 67292 31495 79097 94224 35495 28802 46440 72379 94510 85417 69399 23621 7775 21006 24862 23632 90589 33821 98988 5272 40665 95669 41228 42288 89823 4623 67201 35326 72957 26202 98425 88455 91445 56389 36925 18998 86894 903 49476 26292 22859 47927 85811 45931 24640 23238 4166 73233 40842 73761 10512 99975 77932 45145 3739 87312 68043 3886 77879 19822 87444 38157 39169 12901 1340 51497 26306 81053
4851 34700 65018 18181 75935 77959 61346 38630 765 26288 91825 9051 73532 4804 70329 43721 18718 36790 7382 62177 83240 11352 51690 56541 50935 71983 82303 9134 80678 5577 11230 71680 80738 53578 56310 260 28892 95556 99672 90869 34531 91776 72993 82755 57496 9002 41275 82488 98576 79077 85917 36224 53130 93119 92825 51539 37480 72041 82788 26251 55337 77951 9805 48592 87046 6696 46162 86602 88495 48425 34965 62573 9679 92735 96768 44787 66155 14853 19218 11587 84825 20148 92668 46431 75580 23348 90921 49492 90470 41750 32492 61883 13135 69173 75620 37122 96139 14150 26189 74277
38659 4011 57812 61867 81413 63780 46066 54004 57331 48773 13118 65011 43098 62681 38695 57933 37926 24273 76666 28801 58639 79970 291 8367 39759 88371 31183 59340 29563 40257 72974 53006 69375 72346 55644 82844 96319 77252 70554 65867 33466 26184 47902 74742 56221 72097 90444 9262 62749 385 11701 76753 81199 50936 66238 30774 42304 43370 60567 88831 7495 75462 89989 46537 92938 84798 70812 14972 78366 36003 50025 59885 63418 66025 17974 87866 49345 128 37474 6829 13680 44956 81134 54178 41872 59471 82699 68106 75815 94511 49303 78975 7098 59298 119 37952 16192 20544 36266 88153
56933 88720 58725 1320 11204 91265 60358 8756 75522 4996 54551 48046 40322 33012 15845 90767 12306 45653 91309 50771 68538 83 92609 8885 79737 33130 88057 32734 58514 89604 81212 80025 72371 52540 97290 40604 5856 20231 12210 1177 36673 73172 54542 4531 23157 79740 57623 44577 96537 57819 39158 36040 17835 25461 88661 13464 75879 54 13779 12110 40837 68280 40468 53799 15796 20243 49722 11183 23166 25255 15294 87262 97920 19258 87048 71303 77036 87058 52692 43922 12148 52798 36844 92366 95293 25984 20043 9839 90725 64021 67157 9882 73007 78405 31544 63781 62404 40316 44618 74520
10065 86236 26188 71147 41419 97078 81607 32575 34263 446 66592 32879 77218 78806 42061 61033 19920 35301 23045 85614 25671 12642 87140 70862 57408 21141 26565 55131 66826 1829 70647 76489 41970 88399 79522 81519 7317 96860 80564 18184 88283 13914 60446 2298 33123 91876 65136 97709 80354 78637 77666 5087 22386 31876 22342 17013 39434 84133 86977 23521 77784 7228 51958 30302 25116 68895 60121 39943 85513 47214 26096 86702 3660 80433 23528 56175 48562 73679 49573 59482 20023 15551 9674 92975 51504 58971 57133 51112 32078 84158 71874 47979 1452 33490 71090 77892 93601 29567 51968 99726
86503 57991 55142 52202 62730 92198 278 51089 29866 35665 8898 86111 84813 62243 33514 8907 3300 69242 18688 41706 55669 89586 40811 27251 33687 93749 49548 62528 94048 84078 3646 58410 55616 1606 51536 49846 71028 46560 85365 53506 72645 47536 1555 95052 51982 78152 34317 37753 94489 3094 15873 71520 22398 50148 28281 93560 8901 78540 72 94868 12328 75768 21252 51705 14604 92376 1858 69924 85554 32751 34686 4850 2826 12217 86489 88508 96255 36429 83888 90564 79562 6273 56156 95004 50700 44736 94389 95403 3679 39226 52688 80676 78998 62108 1924 9487 79038 46590 19011 56937
57955 47494 46322 70549 1673 46894 79496 8405 4625 49878 83277 96209 13041 53731 25903 43600 28640 4194 80346 46095 82164 48679 12045 44882 1622 95925 90026 30898 17961 34486 65302 39361 5623 49479 80086 61585 70551 70352 152 55093 45414 46336 37860 14540 17636 2452 69059 10531 16609 35615 29938 40429 65826 4531 43782 66629 57238 40291 20102 28797 51365 93311 99017 21966 19180 92604 59596 96151 11194 43187 4470 27897 7537 80013 98019 98499 62495 58701 114 59646 44970 55756 36402 71322 21755 17945 79477 8404 13046 60616 96171 53278 9543 48469 457 9296 64195 95738 61635 43408
82341 63851 79448 66087 33988 24763 88978 48566 64580 20800 87317 97286 59975 2571 1076 7719 74291 6131 32874 13446 17077 5641 1956 70254 57419 30636 62106 4709 45812 67136 1007 49253 96808 3196 8330 99508 85189 55958 3386 47817 11361 80011 83771 51258 75929 90181 86631 8397 26763 65195 39037 31505 34046 51301 2714 80141 64036 48970 33080 96899 48327 58867 49738 32749 2112 71644 43939 8271 56509 23818 29607 10815 53881 38714 69261 88247 85012 9154 90551 8630 43633 36995 52237 86794 26913 87339 9171 22268 15033 56384 82996 19716 9394 72012 6911 17950 69931 96765 69001 86944
97136 29909 2533 71382 67683 32582 83661 23768 38254 53678 97896 61193 34691 58605 54132 3751 27208 52309 98629 97286 5245 15874 81181 15436 87669 34030 97559 80356 54852 13625 83509 73115 34015 16067 4878 78682 12573 92331 52969 43887 30896 58003 11025 79971 62199 65417 9715 55465 27451 87886 32162 18696 65656 95069 1227 82900 46000 85361 30441 86365 24821 44140 18996 70285 71951 7138 82196 21633 33650 76865 71858 92184 58844 60837 97408 69597 39920 15931 15579 50783 30663 5890 32797 73466 3602 94612 16047 8737 24009 466 60422 71251 85636 89634 20078 35956 54860 31915 22596 96672
32078 50759 45350 48283 10159 24401 64528 53007 16605 80359 20721 53190 53038 97390 82881 48579 74383 82723 87263 78352 62529 27539 45614 42602 37105 18535 94025 74478 92015 31268 53967 69396 25011 32679 68524 87126 56587 1078 19312 15463 53265 72874 88413 91151 78264 54365 59059 39842 75229 47809 87485 95992 16902 60524 87950 70206 35018 92824 47364 66771 39287 76723 89559 86075 94949 16950 14326 29895 85211 5018 52247 45715 62098 79713 757 22667 9280 28957 71248 50956 85741 11318 75433 96775 97429 1055 66003 6737 69828 2488 87774 9080 63042 31838 69087 51472 337 12805 55655 87538
27259 9485 50831 12988 2231 2579 26414 49009 42066 64625 47761 71054 50967 64899 59357 84256 53372 83742 78649 30105 25051 33033 18260 76447 59237 88804 3659 26775 53058 2881 535 86627 29807 38981 49762 6544 28809 44709 55362 70173 23766 85502 48096 78501 6679 23968 35641 60430 46751 15971 27588 50389 75653 20172 44259 10095 16562 5905 43560 97051 68360 93391 49779 82099 1959 85026 24107 34678 62562 64845 30565 27202 52194 14846 42957 73557 46956 81500 88342 10048 4273 48913 55560 36595 91400 96820 97414 12004 33464 72112 15571 43377 45497 60859 17669 43595 43611 66977 95360 9427
98218 77543 15144 45306 41563 31512 32815 44866 57620 72521 39614 50895 68677 14331 51207 10578 8843 84045 25338 73895 7156 92164 58052 43913 64312 56920 55823 86151 11025 1498 76242 92965 89238 81923 15090 70310 53049 3346 1309 17726 78190 22378 45286 68021 96781 69297 38246 4478 32484 84920 50279 59416 18770 76356 30138 39908 21179 76448 89064 59879 21359 88617 11011 14792 76470 17483 98821 94117 78311 75223 70442 95301 97314 34279 35117 46712 77255 15162 14483 354 73472 79605 4971 72175 90402 85217 9753 26358 1195 88877 96982 51148 82971 56885 72795 87281 36275 26442 30623 67142
14419 31276 89472 1036 34357 83110 91671 38625 47518 35276 83096 12134 33532 91988 79719 54307 94182 39620 84627 54081 93257 55983 41568 84882 89833 42849 24831 8850 59475 96781 50524 39292 13286 42843 4702 41617 76010 39759 50876 85725 99233 35175 2246 76235 57878 54609 25617 86606 32308 23764 58834 53623 31636 36059 57746 97826 50986 68575 82246 94599 85448 52738 11565 56849 38174 53435 42779 1406 50784 60965 66304 57127 52612 91442 25099 79382 5089 43736 36819 49534 47573 2530 6546 35662 8157 23718 73464 15936 99515 76376 45206 40498 51400 42894 26874 60222 92162 43157 98592 46659
76287 75865 40564 94912 18204 23838 79921 64074 93402 3660 22866 32498 97449 35847 51485 52712 70053 98966 59465 94858 99237 37698 24245 59990 70796 51631 69855 80329 70069 64576 24727 88 69607 85026 47785 17585 14241 2495 84878 31330 11278 64232 92921 52018 73528 32468 23407 43598 5273 20607 8830 81314 17937 32614 15975 60752 86575 40819 72989 65276 99281 76532 30108 53445 1029 82520 2125 24506 85470 10548 78603 77475 20036 59134 13590 70709 52125 73752 92222 32964 59877 46109 7981 54228 96016 84132 29483 64866 88129 99864 67430 7291 64853 38920 51156 57247 58179 59265 42647 29563
20555 95292 57563 48949 3349 60294 16456 35734 35397 81418 55241 95740 54784 52720 79185 1050 63889 6243 94750 64181 26705 74192 24727 41139 6259 7712 67226 48186 1092 35457 82451 53075 23590 38264 68832 46867 22655 97539 5462 80270 3103 40471 463 49764 64357 41701 88561 38205 22422 84298 58513 89590 83564 60483 67309 4731 25443 36561 45252 45931 65105 72212 94991 14605 24273 38498 41429 69008 42566 88537 62802 58047 19070 50750 94850 88804 56737 91906 20987 798 40599 72311 60324 9479 10943 53118 45950 79447 78607 40008 7027 68634 96611 68686 46660 78761 71742 67594 76371 88741
57240 20373 5349 62906 50598 63535 65920 34707 84406 71867 66681 57717 60303 31051 13814 33173 70210 79143 33106 31408 92225 46049 9724 59579 10131 32334 7865 51484 14585 34296 78399 75549 80649 2184 2529 60941 39364 95268 29461 5602 86215 92533 87894 28828 26909 68156 44609 41521 24389 59616 53714 12717 93210 25523 8884 51056 53340 99588 91532 27004 17786 30095 94708 98178 69778 603 77927 76515 31375 87545 31797 19434 15397 63687 50442 84117 48831 72180 50036 48202 32395 65761 97013 34214 669 64547 83792 23796 83996 63995 53153 7033 68079 27455 47905 27190 4132 72516 61788 1821
64064 5295 26969 34096 17697 51375 77881 47003 78954 97269 33181 38553 13319 53270 85773 2052 74208 85628 48199 3229 78375 2489 55680 47470 28450 51984 28866 53069 68844 65159 22724 14280 75184 19037 19938 36701 37410 23210 61280 53019 45003 95692 17093 48339 93400 73621 21846 6445 47313 82186 43387 99026 68659 56523 88712 67607 20473 97587 96215 15708 18510 78846 96014 44569 84694 52521 23105 15882 86212 12155 81605 21762 63391 59627 92223 75750 616 95309 92884 64994 32605 45027 50529 41666 6489 73419 36821 50562 25856 99320 75586 39291 16801 99274 57548 95300 12416 98510 8925 81319
1914 51918 23319 53721 56992 13994 87081 67790 48449 51068 13448 31079 77466 92145 74056 80358 97386 10002 6973 55898 39293 30787 37869 57339 10587 57706 23721 44401 39193 32406 93407 95240 21126 40075 48045 67172 77912 7123 669 72324 24485 42796 13746 20223 55363 28309 95554 79106 18306 53129 4267 8510 7225 88817 37765 91873 74022 17152 45204 47165 39877 90301 85500 17026 39293 50804 19945 80748 91826 57948 18318 41341 8421 35763 92312 78550 33109 28053 48881 61444 77279 9355 95412 18323 80157 45758 11103 55258 1638 61778 1945 18241 72107 67019 98926 13412 79570 47412 51109 48260
88667 5615 21444 55668 41879 38934 97507 51928 56852 89513 13914 86794 97937 66765 31179 49847 51203 51824 66064 78064 28622 49739 62267 95926 35615 76282 31247 21010 95024 17227 13019 76025 70535 48558 93807 45029 14695 138 34147 30701 11281 60229 56112 11469 68219 5635 13646 77482 83457 35628 47154 12850 44037 86785 34238 86132 97925 28775 15892 88660 98025 5263 53382 32940 65937 36232 37247 83771 88796 33219 99238 9009 14895 87411 32844 15455 19539 80777 36938 85481 97857 68190 37564 40501 2558 29572 28308 57487 71776 69006 90041 90894 244 85406 54796 48125 67396 87234 82297 47015
25419 83353 22121 32009 5241 71573 89829 72529 18906 40064 10514 18601 39843 439 17383 19953 34107 21601 53821 46721 25708 77104 62531 37156 85967 99502 7490 58543 6307 3760 9028 46519 35929 65655 31695 93187 11790 22471 40890 82502 60434 45302 33292 93149 18567 56929 30389 71301 54739 81308 87763 52993 5109 35490 46233 19289 13214 77487 97986 29838 63735 34608 57533 75555 13222 77564 16959 78049 53682 57450 70102 26796 21748 12337 53593 58609 43660 85883 94213 59014 72010 12562 27597 22812 76559 1625 58988 66980 68340 80175 13994 96592 76054 22448 53305 35104 33328 88332 29900 50455
91023 48784 27426 6965 17082 20078 34283 11466 49965 82336 43077 99347 99343 82841 26526 4468 85450 61232 65694 67405 65742 45697 5800 66195 13784 65277 36988 61772 28094 99475 82497 54808 24099 65262 33930 13654 75669 79371 22251 16372 760 90895 30786 47054 2991 45465 43435 85344 99174 53759 9065 37865 62016 67562 42639 94822 74340 56504 72373 69079 79006 19731 71245 95845 8807 9732 73624 63834 2515 7846 39934 78439 98230 22113 71179 89272 58112 69884 84651 39551 79156 19203 76918 50206 1158 98106 24866 92840 93220 26026 68865 50083 38413 76108 99405 61372 43738 10973 79006 36698
859 12692 2610 63608 61386 46574 76463 43982 61129 74137 34150 31808 46578 66349 87386 11156 57252 23185 73791 97145 20891 41679 81429 17182 92185 4671 51788 82413 83947 13844 84840 81453 3526 18291 80676 75244 66143 33587 29926 89654 4604 62548 36789 99378 45380 92616 17087 82718 76269 48373 35609 26208 76037 13098 1596 73623 98922 28177 90487 14947 18885 72108 54100 8277 24384 26529 49450 94295 91150 37522 18462 26975 91442 7479 9794 93424 94080 93982 60538 86715 50754 22194 56234 14619 3700 48941 97947 35616 95852 32552 3821 18518 17760 42901 18560 28554 50697 24317 68949 67947
72313 86054 13710 40828 36259 74702 40558 27969 36213 41260 22906 86338 58925 37175 71565 94664 92312 60187 52160 58770 43990 82179 23892 50698 79554 10858 10753 84741 62263 16902 57059 28471 24781 7775 3525 84464 2499 93138 48520 97777 74045 44170 61219 29976 57135 17162 36833 41442 13547 1791 60366 558 82975 19653 39843 99565 52854 23993 59308 34140 77414 9523 13551 75566 24823 9076 26714 16325 45270 49007 8010 69925 12293 51161 82146 7504 43370 6170 6062 93669 33626 47845 18485 44744 92876 12098 39333 2918 25161 24170 99313 66958 62719 36398 5611 94723 88833 86496 30675 64825
44787 36247 82736 349 9427 75973 49615 66183 49555 5104 32624 63761 40937 44001 2563 45971 43076 73079 72823 68802 47047 63960 3507 95490 32385 24952 64276 80696 14215 24736 18585 6537 43240 69604 94628 40313 177 650 61964 75136 79290 65149 40070 78845 18389 71621 54370 18309 90878 90142 74002 47422 97151 11582 81628 59694 70412 18315 33373 23833 33762 34582 79967 26499 33595 18857 14049 57620 58512 87396 53056 79987 35893 54932 97941 27156 52795 29605 75829 22375 87655 59511 65972 93992 25919 45312 24996 84518 2528 53106 71601 46864 14919 9785 51852 75059 77940 33698 56526 75442
68508 72525 16478 79690 59783 32925 48036 64370 68383 10373 82853 44799 51122 62585 66433 23034 86759 31813 3140 78088 98775 13872 58793 53603 13897 9730 472 12676 87297 61081 52543 29775 83509 29517 60748 15870 67294 44473 81106 4211 53084 98929 27771 86230 26235 69573 31957 64466 39600 17858 15829 94590 33975 88360 61910 92328 88150 41055 88536 77200 18140 65809 37034 15689 79009 73630 57072 8886 77850 45470 50570 59928 25253 63321 79290 80930 42647 7626 36002 74377 25497 66071 34038 50407 84342 58355 11775 66758 37035 99127 41215 86522 38999 81868 12071 21331 20191 35281 71805 9496
38420 84559 86542 5783 24387 98322 32489 20723 51075 29746 27758 57828 2727 11382 96198 15861 26768 63268 11399 7450 62828 47317 8563 97285 72041 10582 300 77956 4347 2 54792 14247 11560 18101 61336 54330 4021 37613 76533 77146 75311 41215 48085 75830 72932 75747 16922 11645 29885 2054 6995 22248 93612 34430 96426 95524 82950 3103 50944 65196 14191 252 16590 24498 83557 31007 48959 4345 29831 33930 11373 84988 88629 50714 43878 80780 54021 56889 86936 1322 21453 97517 71792 51837 28773 5219 86053 91370 15677 45681 78899 46857 68521 99524 14625 88462 8629 71633 66541 6624
27954 83035 50056 41448 8718 57639 20743 73707 5368 38220 59764 90617 39382 86883 35895 34664 7710 47034 73384 50030 28251 14477 49033 87376 68967 59669 10448 18225 42316 89217 50108 94491 62543 34362 58673 61014 77510 48995 13991 18860 30230 67548 38334 82499 56619 10005 46055 81450 62081 99035 71859 67096 92982 95133 4438 66933 17786 39340 77019 54725 64720 73696 23214 23146 15188 15894 83727 22804 27309 37659 39425 97607 69020 19679 70048 54922 51036 40747 96135 27561 64661 59711 80463 17015 93137 43618 21038 23470 41479 5324 61048 5500 97327 109 11119 61140 8120 29157 40290 73069
