1000
34 -62
87 38
17 -77
-41 -49
37 77
-39 87
-13 24
42 83
22 10
48 91
-35 26
-49 -63
24 -66
38 -14
27 -54
92 -50
24 43
57 -75
-17 69
27 48
8 -77
-79 -88
-11 32
-52 38
-67 40
-3 -53
-74 14
7 -89
-76 -85
2 35
-26 71
-12 -93
17 17
39 -18
-57 6
7 -14
1 -62
-43 -86
-72 92
-46 18
46 -8
35 85
-100 -69
-92 -64
-18 -62
18 47
28 22
1 -89
56 83
23 -29
-57 -95
-48 -84
-44 4
-44 -55
-83 81
-54 -58
57 85
-21 92
24 60
78 -18
29 -23
-97 31
-76 62
65 -83
-38 -93
-5 -91
18 -7
51 -95
-83 55
-44 -48
1 36
-17 -65
25 47
-34 28
-53 -71
-27 75
74 -39
26 43
21 -20
-39 -35
-80 -6
-78 78
-30 -6
-77 90
78 52
92 31
50 94
-81 -47
-6 -4
91 16
30 91
11 6
-16 1
-92 3
-24 94
-42 -97
1 77
33 -89
-42 -39
-64 24
30 3
7 -36
57 -4
34 -70
20 -5
21 -58
27 76
-33 -91
73 -18
71 -9
-8 3
-11 90
46 -92
-16 67
48 46
55 -38
-71 -57
59 72
74 4
-37 -65
6 0
-6 28
-91 87
-47 -98
73 -88
3 64
60 29
37 -83
5 -43
-86 -64
3 58
82 68
96 20
-74 -89
-36 46
-27 23
69 -49
9 24
11 15
33 57
10 -69
-14 49
-89 75
-66 15
-45 -59
51 -61
77 81
-86 8
4 56
-19 -76
-95 12
49 -99
70 -80
-36 -62
86 -72
50 75
14 51
28 -12
7 47
50 59
-5 16
-41 -43
-39 33
1 -86
67 -39
-61 -64
74 -64
-47 93
-89 58
-2 41
-83 100
72 -92
-37 13
-10 88
59 -19
-80 -76
74 83
94 -43
-84 -57
-64 -76
-93 8
26 26
26 -69
50 -80
-55 -79
41 -14
24 -26
-61 -95
99 4
74 90
56 18
-5 5
52 -82
95 64
45 3
-37 -55
20 -53
19 -76
-16 -31
38 -29
-43 -64
81 -16
-40 1
10 95
-42 31
57 96
75 72
-98 -72
-32 38
53 -61
47 -2
-16 89
36 -68
84 65
48 -98
71 -52
-24 48
-59 42
65 43
-72 12
-14 -70
80 64
-31 -69
90 -78
-33 -13
11 -41
-56 55
-61 -61
24 -98
34 -3
67 -65
27 -70
27 -49
-75 19
-45 -6
-63 54
85 -37
53 52
-68 -35
85 32
64 80
-55 17
-24 -6
16 -62
41 93
59 100
-55 87
-59 -69
25 -77
69 -71
90 -65
13 -91
-100 90
-76 -84
-26 26
-74 -69
-5 43
49 -5
-57 -37
-30 91
-4 -8
-15 -45
22 90
24 32
-37 -13
74 41
91 -52
11 70
92 -73
-59 99
67 -89
62 -5
13 6
22 -47
61 73
86 -33
-93 -80
60 -3
28 55
-2 -5
-17 55
14 -45
29 26
-51 60
-41 42
77 25
9 -60
1 -85
12 -92
18 -51
-11 -23
-10 28
-70 -59
-36 -82
-72 32
-4 -13
-20 41
72 -73
-82 -72
-66 -22
-36 -69
-38 -29
46 80
-60 -37
-50 -72
-10 -42
67 54
29 -51
51 -56
11 -99
1 9
-5 -60
23 -40
-26 81
-65 74
24 23
-44 19
-92 -38
-76 20
-63 37
-10 -67
43 71
15 100
8 97
-92 -27
6 41
58 -63
-87 9
-34 -40
-88 81
-80 -18
38 -24
-64 78
-63 62
-40 80
-3 13
-40 18
-61 75
48 46
14 -29
89 -48
12 51
56 -17
74 -20
-83 73
-1 -38
-33 -39
52 84
-19 -99
-6 -99
63 -18
41 47
-73 -22
-82 63
9 26
-3 75
60 34
-7 -9
-93 29
50 78
98 -24
36 -100
-13 -18
-94 43
80 -64
-26 21
-99 85
85 55
-32 -23
52 -67
-55 22
82 59
6 94
63 -72
9 41
54 56
24 -77
88 -82
-5 20
-30 52
-74 -3
-29 -80
-48 78
78 39
-89 28
-91 -44
99 -96
30 44
40 38
26 37
47 13
-4 92
-75 -69
-38 -76
7 10
-59 92
62 -50
-1 -75
-67 9
-78 -98
-98 -90
-91 -36
-21 -73
-2 -70
-45 67
-13 32
-57 5
-16 83
-93 13
-87 -31
93 21
30 -40
-20 34
100 -99
3 11
32 -4
-20 -23
10 12
38 -82
-90 -49
-28 65
33 -1
-58 10
-4 -77
79 -29
3 -40
66 -2
-2 83
-46 3
-46 39
-77 97
-8 -80
54 83
95 59
36 -35
78 12
-65 -87
4 -93
87 20
-22 -18
-71 -56
-6 75
-45 -7
3 -15
-97 -11
4 10
-57 -6
-18 -21
93 -46
-33 100
88 21
18 28
-54 11
-49 0
-34 51
40 -26
66 33
-57 -81
-60 5
-47 -83
-24 81
-33 -10
-95 -48
66 -38
-36 13
-46 12
-98 -75
-62 -91
-49 10
-94 42
20 94
-97 -71
23 56
-18 -44
51 31
-75 58
-77 -89
-30 50
-61 40
37 -42
-46 89
-86 -5
79 -7
7 42
19 -87
-1 -28
99 45
66 7
49 62
64 -58
-55 31
63 -90
-38 -45
-48 -78
-69 97
7 -59
61 -61
-3 -86
1 -8
-30 23
2 -82
81 -93
57 24
96 -22
17 -70
-7 -9
91 68
70 -81
-8 77
72 74
44 -18
-36 32
52 88
-65 -74
97 -88
27 -66
98 -93
-71 93
-41 -39
-33 57
-46 73
34 -75
55 -95
-97 51
28 78
-34 -37
65 -34
-15 17
60 -42
-47 53
41 -43
13 -49
-2 24
60 92
51 34
62 91
48 -51
97 93
-88 -31
81 -60
43 52
-88 -60
44 85
57 93
-15 -71
62 -47
-73 -75
-41 58
-76 81
89 -39
-7 88
91 8
-57 83
-25 -61
3 98
-63 -95
30 -83
84 14
-86 -68
-38 -45
58 29
-76 -65
87 -86
85 50
-20 55
-84 67
74 54
64 37
-20 45
-59 48
-3 -12
-98 -92
-60 6
-5 -79
-84 -47
67 -3
7 69
-57 75
-5 48
97 -63
60 23
9 70
-94 -52
-93 81
-7 -14
16 -68
98 -23
-81 -4
-60 99
-90 -48
77 -42
58 96
-62 71
-91 -47
5 41
-44 -1
-8 78
65 -35
-7 -32
-35 12
65 5
-67 -19
18 41
-77 54
-38 50
3 55
-23 56
-88 11
-46 -62
71 1
-65 -96
48 -27
83 -25
4 30
40 -77
-90 38
-79 -84
-68 -2
-69 15
39 -72
48 -39
-10 -34
-36 -96
-92 -24
86 86
-73 -91
62 15
-68 -80
-100 -100
70 -100
72 80
-10 37
54 27
41 -15
93 -85
91 -91
84 63
-12 -36
1 -16
22 -79
-15 15
38 99
-93 -13
21 -49
-73 98
82 51
-34 -42
-25 -83
-96 81
98 20
-37 -99
-7 76
64 47
-8 38
-8 -91
53 94
40 -28
47 -43
95 -64
78 -97
-47 -74
55 12
-20 60
47 -17
-44 50
-44 -24
29 -88
73 -64
-54 71
-7 51
2 -54
33 -14
24 25
100 -88
-56 -89
-100 -43
7 -18
-20 91
-91 -70
-10 -33
-20 54
10 61
-88 -46
-72 -19
37 -73
-11 -84
-72 65
86 73
50 -3
87 58
-82 -94
-14 85
79 56
57 33
50 -78
-76 25
45 30
-72 -23
-63 17
16 30
-10 -95
-47 -67
91 -67
-44 -63
-54 76
-78 -21
71 -41
24 16
-88 74
3 -45
-79 -43
-29 -57
-83 -87
-33 -76
97 33
-55 -61
51 -18
-50 51
-61 36
65 56
98 -94
-12 69
-100 -98
-17 -6
33 -52
68 -94
40 -94
89 31
-76 -21
-6 -52
-6 27
20 24
-81 -99
-38 -48
-47 -20
-95 63
54 63
94 -26
74 -1
-79 90
-34 55
-25 -95
31 28
85 -57
-58 -58
47 -99
58 -54
-81 -28
49 15
23 -4
-27 -22
-5 15
-89 71
-54 -8
93 32
-74 -4
80 -73
24 -54
-26 31
-99 79
-96 -89
23 79
-80 -78
7 -42
-75 -2
56 -27
97 -52
8 71
40 86
70 51
63 -3
7 -47
48 42
-99 71
-19 6
52 9
-12 -47
-93 32
42 -9
-1 38
-40 45
-98 98
72 93
-100 -55
73 -27
-41 -24
-84 59
70 -50
-12 84
-11 -44
23 59
-67 -83
58 99
23 45
100 -18
-47 21
54 -77
39 82
86 56
41 67
89 -18
-60 -63
86 30
-87 88
6 -71
-10 -52
15 -69
-19 -50
-65 -45
-95 -64
-30 24
-93 55
-94 62
77 92
21 -81
52 -40
-62 72
-82 -27
-63 12
-55 44
-43 -88
91 -93
-60 -94
-5 96
-29 -68
-5 64
55 9
39 45
49 76
38 51
16 28
48 -25
79 -54
-23 -87
56 25
-61 -22
12 50
31 -29
-16 -49
-20 30
96 -83
-59 74
91 -79
-90 -51
-65 43
-52 9
83 -70
-59 93
-69 0
46 71
62 -22
-34 -6
99 8
36 -85
67 -76
-76 10
2 66
93 14
-100 38
37 20
8 -82
7 90
82 88
-47 -2
-73 -57
47 -68
-97 -17
-26 94
-56 84
21 -13
75 -44
80 -97
97 66
30 20
-15 21
10 48
-58 83
-50 98
0 9
-58 -65
-30 -37
50 30
2 5
-77 -19
37 -97
58 47
-73 -64
-59 -99
-11 -88
19 62
-10 -81
-29 94
-73 -37
71 -68
30 11
-84 18
34 -16
-85 -38
28 86
8 -58
24 74
98 23
92 -56
11 -40
-50 -49
-88 89
-88 58
62 26
14 -98
66 25
45 -52
-51 -80
-3 74
38 48
-71 -46
68 -93
0 59
-93 71
-23 20
-50 -60
77 8
81 84
73 -43
89 -45
-70 52
28 -68
79 35
33 16
43 -50
25 41
-3 -69
14 -18
26 -41
66 -19
88 84
-27 -92
-3 94
-64 45
-80 -99
-14 6
-7 15
60 -23
47 46
-30 12
59 56
7 44
-15 -65
-75 99
-13 -10
-60 12
15 -70
-22 62
-74 -26
50 -64
-52 8
-96 15
-13 11
36 26
-21 95
8 -69
83 -65
-41 -99
-31 -69
24 48
-13 -44
61 -24
81 -55
-80 44
73 12
-43 -81
99 -24
28 -14
-61 -62
61 -70
-42 -27
-54 1
-100 63
63 -74
-98 54
21 17
-49 29
-12 67
7 29
41 -95
-82 -96
-18 90
54 81
20 65
-33 42
-66 81
85 4
-48 -92
-49 78
69 -89
-54 -91
34 88
-46 50
-72 -99
-74 -59
51 8
