7
3
trip_1,1,1,2,2
trip_2,2,2,4000,4000
trip_3,3,3,300,300
4
trip_1,1,1,2,2
trip_2,1,1,7,6
trip_3,2,2,9,9
trip_4,7,6,9,9
1
trip_1,2,3,4,5
8
trip_1,1,1,22,22
trip_2,1,1,33,33
trip_3,1,1,4,4
trip_4,1,1,5,5
trip_5,22,22,66,66
trip_6,33,33,66,66
trip_7,4,4,7,7
trip_8,5,5,7,7
4
trip_1,1,1,13,22
trip_2,13,22,33,33
trip_3,33,33,4,4
trip_4,4,4,1,1
6
trip_1,1,1,13,22
trip_2,13,22,33,33
trip_3,33,33,4,4
trip_4,4,4,1,1
trip_5,45,4,12,13
trip_6,12,13,28,99
6
trip_1,1,1,2,2
trip_2,2,2,3,3
trip_3,3,3,4,4
trip_4,40,40,41,41
trip_5,41,41,44,44
trip_6,44,44,47,47
