1000
96781979
99484628
100
34176408
88439507
81
68281386
92272409
54
81931199
92032267
76
78738474
99749626
45
77082365
88690991
20
98884141
99985081
26
84177784
94621045
4
42755216
45728950
9
71538417
97277812
41
49350477
51682046
55
12453245
26843702
11
60199305
73884261
72
30549897
79872433
47
93647320
95513299
40
87069274
95259954
74
90004111
91414704
100
94445516
99103061
12
56888071
85344019
13
74035103
96107365
26
80366802
90415195
18
14820703
17757225
13
99831241
99996723
12
61025251
92641314
14
74736413
81883089
46
79186318
88767880
91
28990204
44123574
53
10965751
79542679
59
31253379
78646490
10
28240328
78264112
12
93238389
94936969
51
23824243
43417563
94
22436443
32013350
64
43329992
63718886
90
73934851
97027140
63
10848090
24477755
68
13380396
23656606
97
67394296
84877006
18
15609164
76793329
8
50066175
83055658
87
77373859
86682882
59
64684038
75768135
17
45974815
69935246
87
94932864
97864355
71
63871469
94565307
74
43722332
98389077
17
72930564
87968860
63
28886924
59687513
4
65116671
67794069
77
44414377
97267351
40
13808609
31038261
45
16564506
81925821
9
74554877
80260866
43
20093866
94085672
21
20647604
66255078
91
14038641
77800254
21
80631862
97182603
36
98856619
99177428
10
94978637
98812808
49
99291742
99434439
37
42148595
75756589
34
36004154
83132384
70
38893249
52318416
34
94220151
96033990
69
59475953
95795705
7
62621088
95576612
86
24076867
70166097
13
55202622
64417670
1
24774601
29227525
14
10629741
37415616
82
44761406
51868762
12
84627121
85994671
83
34632230
72561977
26
43754589
84826614
58
66034753
93646948
43
51359767
94685912
60
35014510
75895210
21
58225047
85078503
95
50963937
82435441
41
43399815
43776786
33
46476528
54685802
96
78685747
78868259
37
36509922
99240292
90
28759989
82245142
51
97370446
99128358
60
30117668
33224395
84
99236235
99802520
63
45065306
85410375
59
58145305
73827767
64
43825933
71521631
53
39525946
94229469
58
45334005
47477803
57
64860570
90180362
5
97354996
98314061
80
71686045
92892352
86
68574665
90370031
20
89718334
99242849
7
19617919
82424493
60
56273353
87481362
32
62117919
90737726
74
63356787
84886406
58
88701662
95689309
30
82749653
86937094
74
86714892
99848327
75
54609599
69683296
90
81007645
96936610
43
42423274
73886717
93
75297695
85763154
47
19030266
68141611
97
49526254
55552326
54
40040328
87878213
86
56482948
93065444
17
30278236
85236259
43
62499522
84088832
43
95699699
96977324
5
56967651
58740110
2
96662702
99764015
75
44459621
83597655
94
45795686
77217515
70
16707365
26695671
92
69106984
85757670
38
53246656
95292528
48
21119705
91345762
58
83855970
93357545
10
35001597
38684882
13
49182837
75480454
13
13517544
23605303
95
51646373
81361807
76
44406100
99241422
93
86389422
98996932
75
16917115
36755016
17
24553426
80251933
33
19771390
74982657
9
79412419
97759573
73
86140697
87282276
87
18762774
31663977
58
68220059
88427954
80
64250564
83154656
81
29833767
59599839
22
92106224
97447483
85
46675412
69275679
85
60718978
94857608
35
29553782
66701703
58
99597257
99780494
87
98978386
99782280
65
18928645
67217818
15
40248712
65611669
73
35093185
60759914
40
33449468
54186362
56
10709558
79169644
28
40903612
67632957
95
42768435
63029792
17
28507200
39242730
70
86500293
90029304
53
16231614
77150567
40
62846725
84528085
69
81898826
98890463
81
98987285
99378567
24
44137821
84630489
78
53073967
93736483
73
20076624
86254396
64
13189541
59477081
64
58475249
89205904
35
19356900
84917582
56
44408359
79312456
11
10109522
98767652
14
66445974
96694815
40
40786951
86393278
60
83146988
95731242
98
80288637
95118758
91
62824306
95641632
49
27470476
79496157
94
13019856
42418062
72
18431453
53248218
94
29069652
40947292
12
46537815
70217332
20
72346062
95768562
89
40794363
74327736
64
62938757
74421931
10
85815647
91329981
51
27123157
30911994
27
98010429
99598313
59
41446774
46806842
69
65233434
73695683
75
34708696
36217323
11
14875490
90273467
42
95415342
98298755
75
87137660
87238708
36
15555241
68148544
21
44996315
45107806
24
77349279
93211793
72
83707590
86332407
90
80047864
81920632
54
96851771
97034338
86
84160436
97390423
68
15329217
24267106
90
15475297
31012959
85
67865108
90595877
82
85075302
85149365
6
55915920
81203317
58
88492827
96139466
41
93887220
95177515
35
53195029
54252789
29
26487142
28788390
21
26922779
54503858
54
16967856
32772665
70
83874095
90879035
2
59056991
71435089
32
51786583
98821468
30
22393629
82168088
3
24177435
64260006
26
65380132
71223534
87
82088765
84900523
4
96843910
98947646
34
60617925
64986441
86
96669236
97097281
50
25806876
51441716
7
75725110
85015694
28
67131545
75084951
63
65510299
86151900
72
11403014
59832047
93
18057458
72917934
96
92681055
96677322
26
23500815
27170836
100
65358506
80268856
9
30267578
72469806
47
34784129
88751842
60
44277599
80668733
38
36671460
59866905
47
72868255
92220099
28
68490242
89010493
34
78584933
91093401
16
37752157
97062654
20
76245679
77392501
85
68874105
83468128
88
24310048
36646757
51
29559474
72144435
69
95206724
96592368
36
24284626
87249201
31
29228230
99049713
53
52406675
98486649
9
27754316
30162381
67
34858760
93612094
41
91752107
95048123
73
73815412
96418668
15
84533009
87035487
40
58206224
64948897
93
10061951
78131541
64
46259677
65569292
72
80955974
98686827
85
26752569
33397214
16
90499768
93477945
4
39272693
57891711
14
80156950
93453081
45
58871118
81576141
55
30389806
51438991
96
34410809
40533212
37
24185875
43850943
16
30694814
31938249
38
44619902
45848895
19
80779650
83556418
21
23451841
79879766
44
80641427
93848140
57
97734171
98571854
69
93727458
93934847
37
43385574
77291980
54
76574922
81377561
51
80797871
84191628
52
96191005
97346474
27
70996866
71999910
13
28906422
47398720
80
34889354
74173657
30
65787536
66787063
59
45135521
63931390
54
67083543
80310038
6
64296481
70450846
48
74840068
95594411
89
20774990
80025879
5
56842633
58938141
79
49997036
87226829
56
74577950
84233731
7
32690294
71083116
19
84724190
96768771
34
92677829
93895623
83
15167533
93585808
62
45985521
69591692
1
86176723
87512425
48
54374287
63446143
86
27254294
61679562
12
13122354
23046015
85
96297824
98223750
17
24765305
63891243
43
67170488
95926082
83
23739612
48767367
26
73917109
81183786
61
32452307
99840540
3
85792472
88707876
25
42194866
80628307
51
74868736
77106105
92
88941232
90918410
81
45973352
89260552
27
60567100
98043681
74
90545959
98320192
18
24430087
93971898
72
45017233
76134314
65
39116255
48430639
9
34349436
53324514
14
95403319
96430021
52
57175241
81276500
65
61396030
73351001
56
57852888
76855205
33
46653006
64838187
75
65806551
77317743
9
39632360
41514298
89
84819018
87256649
74
39453802
65246457
4
70197960
91822374
23
14850250
45216549
67
67995792
74296106
45
33167529
83123093
22
87778254
89048046
40
30549942
90269657
67
29191004
55388766
17
70747340
77691791
90
99380381
99850139
98
40021773
98558854
74
20545165
49182050
33
64348104
70819299
68
20084501
97860998
33
96005441
98964932
38
96805420
98289582
65
27671729
89536355
5
54272143
75870871
26
40270527
63878240
44
34941705
78891036
73
81779193
96200372
70
83863295
85476263
49
23689899
41464387
21
14408744
42044202
59
93927104
96172263
87
79174810
90844745
29
85839499
98587470
18
18069677
20265068
99
31835373
57514270
100
40671311
67792946
74
75386403
90843834
34
41622942
73395396
37
46481968
60450946
95
58983555
99228928
5
45614122
59850745
94
90752112
97737548
14
30000474
57288489
78
33847949
89617151
86
34151651
54605166
71
50049723
61407674
73
49326749
85222704
62
72129442
74585829
65
43220541
93374081
62
20622963
97345402
7
51306005
91940130
94
65046680
96951497
3
29789681
57810441
64
16847655
67936954
53
82574686
85348878
65
19907941
23975495
77
24592087
48297250
48
81294033
94592394
52
54893233
81437490
15
27871105
93829716
62
77463701
98737524
52
88741738
89113744
95
79988894
98332219
63
96608791
98554161
98
50931683
97607389
33
44688337
91699296
53
16102500
83500664
40
47655479
97614134
74
47598977
75960580
46
53957671
82562472
23
80532023
89879594
77
39660520
95265189
37
35345538
50685221
12
69254239
92442745
15
99442047
99662180
44
87278565
98332977
55
77578944
90068089
98
73251614
92807469
4
37449617
90198041
59
39103976
60687650
26
40682250
73157172
69
93274559
96521378
1
62968805
83490647
29
73062725
73765423
13
95504853
96712760
35
67408277
69534064
48
13150480
14083539
48
49255655
87490014
39
93311421
97897810
4
18678473
34342868
96
11456638
50725531
21
59725401
94714379
28
46036255
80026559
74
25809381
62323089
57
72246463
72991610
66
93037788
97082963
30
98999508
99256891
68
98623813
98823126
100
70989623
91683677
38
51330285
67764547
96
56407165
97828847
56
62863895
73029723
42
32647621
91365635
87
11248727
37859333
49
62251825
63741538
48
94140195
99024112
46
51450464
56432090
86
17122020
82433312
28
91054426
94685356
17
61675142
98416014
44
97393893
99281429
62
97821876
99881114
95
15785885
74539981
30
96190624
99235869
88
33067762
43995535
21
65926292
70901193
43
80854891
98312641
58
16268047
86290864
57
38677855
67416997
42
52102698
84638098
5
76730915
91486836
83
98360123
99420986
44
28724343
97141238
45
20860413
46156964
31
55116537
55249789
74
14749521
74524823
80
67236887
81617229
73
72634429
78465411
30
64248322
90466619
19
89494706
93096776
25
42838094
65321780
68
45728349
87605538
56
77942324
96467155
54
19083118
74870469
73
95419258
95622424
38
20340677
42001643
9
80015924
96730973
18
80991265
99878098
66
82627402
85679257
7
59567317
71411733
73
10699334
70508732
27
44670657
90243788
90
14980909
44874105
55
63181122
76690317
95
32901737
90761131
40
63046151
82389606
57
20522810
42678480
27
61743594
77798982
82
48126716
48679168
7
16345959
26349701
78
33127289
88554727
96
26395659
62066416
46
76350993
95316949
18
57943961
93975336
70
96256241
97191548
40
69297692
98201948
86
93343281
94858778
50
34035633
59731776
55
56733851
86351624
36
42585775
74808576
60
54359644
56786988
46
47191180
67507766
21
88233200
91069064
42
44546339
75752474
39
46432944
52257494
44
99728882
99929693
20
62177788
71158297
15
43100833
86427498
80
58135726
78954324
3
75134348
92914924
42
73918559
81609707
43
63804569
73150146
64
41603086
85036980
82
58829820
62311312
35
88439593
98258672
40
99347470
99575862
2
39432717
87084382
96
59617957
69163896
48
75571407
87377876
47
37067265
58304324
74
69272612
78060208
68
87252203
93765063
9
83973427
95060957
100
78422034
95644527
39
38339911
61627576
21
68419405
73555626
6
66211436
79898032
60
30307499
88331844
33
77917431
84847076
75
92326727
98210206
70
59935365
89563630
95
23238857
44569079
27
57849388
65073366
5
97035039
99719359
42
55579033
70575355
7
92548192
92627663
71
97450725
97585829
31
58977455
77026668
45
37586873
53684418
16
31336980
78601559
52
94949776
98541246
99
70405871
70703472
75
13362117
63313591
60
41975777
49999210
13
22372979
35824572
58
13431072
18634598
46
97080406
97626022
55
48520617
85611039
56
94433336
99745012
13
10980052
16665258
72
85728100
95142882
98
46818375
65152049
6
76003258
97403781
69
41691470
91282146
70
92459284
96629679
21
92159030
99521224
19
79947884
87687396
84
17590378
77338939
28
91454371
95670478
64
34614981
53363555
96
79944861
84418613
66
67162459
91054755
61
60413319
75781502
19
61063916
85492400
19
50466277
83774368
43
77840325
96432767
52
87417996
99947131
46
90305587
90959844
50
54029869
80156934
45
27180480
29585143
79
56072505
80320558
86
31125339
87591817
80
31118989
56962338
10
23363182
25304057
97
59899176
67747266
79
26930500
76086296
37
28124579
99795467
47
27727388
29347536
51
43362701
65400319
91
77320057
99604563
41
18165241
71642747
20
60744850
82663267
93
94220277
96798043
10
61365264
80838271
41
71889368
74503929
45
44435522
67701073
100
51037128
85354114
44
34449043
55622531
72
47993020
61529006
100
21872136
23874552
11
77759172
82453732
60
29010910
67020850
65
30503326
75617495
16
29955756
48083802
21
23006124
47050197
30
64836106
75310094
94
53052962
90611897
12
16162080
40315503
73
23971817
74249464
14
19485179
84443018
92
88363340
95473466
90
27214386
81409627
64
78340850
99667758
89
60319705
82077541
17
86419251
92429339
68
71573969
76683836
35
31750648
96707593
68
93025797
95661974
32
17410871
19457863
32
99713342
99718928
85
40068309
51183473
19
44398492
93534977
16
30845048
51626560
1
87965932
89559429
3
19487752
34272668
68
16390661
30112586
35
70674695
88741709
81
19966465
27273637
46
26025385
40597816
62
42983788
96435801
58
41915851
48926551
83
48694615
58757153
63
33238739
49830516
90
29942924
33433165
12
92357806
98331502
51
83610180
99508598
67
43144756
49816407
57
19987549
76001739
41
22339313
39747067
78
23760889
44125806
19
21172037
91661329
18
52571232
55534674
63
83805181
90609446
44
46844194
76086062
92
41458281
95018429
72
18276041
31012236
16
23165333
53980618
2
24402464
28275660
52
99364290
99647275
48
38108823
99906481
78
96773889
99563952
33
89407358
94182650
32
11845141
18466343
62
24821195
77720174
66
91335963
97555236
13
66077542
88297983
12
50552532
54616449
28
25386030
52563433
89
60512464
90581965
46
69550662
97736400
78
22038629
41043733
83
43456081
74741822
14
95928989
99919346
67
65772373
75120118
50
53269353
95361207
73
20806356
32146799
89
71477207
87741244
27
38435062
57121901
88
11796288
62084098
42
10035026
31083125
40
28875500
79791105
56
33974046
85536336
59
22481827
94417654
35
77357938
95869675
51
57086042
68632480
10
36787104
54827524
18
94495588
96336366
58
53807520
63521630
98
71184900
98777502
48
13876107
40514157
27
67087185
98590614
52
66718429
89449499
36
98852961
99261516
94
99196062
99569856
88
84654445
91965531
5
56840460
78562872
34
22604816
93292599
72
16885221
64413936
20
66935885
90478896
95
47951708
74684284
77
92394628
96573451
32
92470576
97353133
59
62408071
96932957
40
45556428
46816738
27
41026314
50571687
6
34384453
52672581
64
34592257
66529531
90
60061305
61175556
78
57829994
76233763
25
33690037
43811134
33
40078669
44972901
98
68881654
96294457
29
83010548
90953604
49
14763761
64509738
25
20821121
36524946
83
69605095
70754745
14
49739611
92759330
83
53427127
73746359
67
32848416
40899559
60
22763273
92470212
13
15417241
70249470
49
52000000
91016775
94
32770587
65959513
71
61808141
94749561
99
37177421
43298762
4
34220242
64738802
66
56301156
64473606
29
48909450
83761475
52
32512347
76206525
52
41935233
62368746
9
34259683
65587872
62
29918151
57937457
23
52619975
85355166
62
35250072
78915294
67
81724274
83676393
16
34097402
89238746
99
32089702
79615484
62
75301889
76845833
66
15673238
38283432
61
68972206
96271461
52
58078108
58283536
9
31406111
65458782
49
78899184
81380884
66
35918596
82918812
75
88214888
97764029
75
54270684
56558253
48
12707078
76180271
98
71956029
72640591
66
57791851
60666693
99
66186663
88107024
2
53952493
82525612
62
96159050
96811260
77
52342741
57091714
36
80766741
84048931
87
90734225
94536836
26
43221512
61668085
35
69833316
79576905
27
13707171
45527229
53
18710643
25995321
69
90592469
98839984
26
40486706
43889049
4
93549379
98121854
80
58132962
89043038
31
49047607
53879371
94
95677823
97341760
71
35180378
81783737
41
34283621
71212516
94
96059574
99305954
47
84257900
90467863
28
91344627
95957750
15
95165036
95366122
79
67797425
86976622
28
95879463
98418522
67
32763670
57392184
9
36217104
50459505
98
27839732
88074634
70
56212621
80239272
99
59720708
71682222
84
34844623
88764557
36
88418566
93915163
79
17893072
26687607
55
85514735
91781305
45
45437632
74942194
28
69104012
80274508
38
40206071
88260149
86
85724159
93129481
64
54895835
89101825
59
20137137
80170056
70
86388114
89369430
50
94074034
97503792
39
23616772
82997020
80
91066470
91455582
72
18035640
98897748
53
62219204
65780675
76
36756831
84035726
77
13692657
68912318
45
44882991
66608563
52
51896342
55440385
99
42539566
85178803
86
17428336
95420860
91
48447088
98751959
85
51999970
66104203
51
29847237
78598767
42
19383440
72668121
29
93107907
97419663
100
71086798
83427990
89
68550134
82791302
75
40124078
58086045
50
45953585
51362990
56
39367875
94242764
36
95335778
98008763
60
33666736
95476550
19
59561712
73184021
6
50040747
65800179
27
57086462
77109763
41
47258043
52519976
77
74523803
87745945
6
15222774
25181881
46
97314007
97406521
37
26627491
73995131
17
86195405
89084964
15
78656787
91566608
85
73343227
74998023
5
95364422
98092885
48
10434205
37509216
16
12679187
87483799
78
61989881
91582463
15
15925190
25514968
11
12727171
71093498
20
32737085
42170314
53
14490723
98155638
65
63360947
82806225
1
16845161
56295708
21
89792080
98194777
52
20310799
87733146
52
78100230
82162510
81
90391380
99786457
7
47780351
50824598
6
54724729
83325180
21
75675480
86517284
76
95338602
99555083
79
58373220
99767317
91
79837164
83655167
83
92515954
96050948
72
16525086
84300014
26
58425571
65157505
92
64488103
85463376
39
79997301
99492597
22
50375640
58673584
34
84901721
86181449
78
56983870
88068743
11
69337836
83873375
96
85729677
92046553
85
44701685
63280306
58
27413194
66067408
14
91406532
99577792
47
36696989
56879384
12
60714370
81637793
19
75131466
84800327
6
95904423
96710371
30
44460032
65328042
74
61308029
91022526
93
63126605
95108076
66
97882846
99585489
41
46888248
93450777
39
78589238
82147143
87
92699626
97139715
98
38149398
74441689
68
63783108
95826598
64
17143035
78788985
42
77831404
85875212
84
20976762
81807043
97
62740546
88189273
78
29028698
78881000
65
87609586
94819114
93
14786313
79527242
41
46217910
99358512
56
40487083
92954295
64
99896435
99969938
59
29061176
46690303
23
34683051
48578111
91
98101421
98897307
41
15589286
45259000
51
13471377
53908947
11
76749006
94609366
30
72963555
82044889
68
31077827
57344305
13
12222659
66464227
99
53859005
58691894
37
85559649
93300702
12
99127385
99300300
91
10133426
25754466
16
10384059
39477665
11
84447697
99656232
44
75014275
78341468
80
37580940
53345015
93
93625353
97628463
15
85390944
99167986
1
76608316
80019826
67
74753453
95767335
10
51830935
70457894
66
25865412
33808132
44
95761905
97272260
65
71895775
82397268
77
55746071
63884144
95
80188960
97072356
8
84289948
97105463
49
45729717
71586955
89
66884566
92418116
20
46208408
57725030
47
15416057
53896106
33
23097013
80583499
38
55698362
97600338
100
12062107
76572624
54
97770270
99071135
24
25670909
66457788
4
21981387
66680732
70
56122741
87996935
45
63217294
69360070
36
42672166
69788499
41
81357978
93636268
57
92254250
96163546
61
58169373
95755907
79
55349775
93149201
91
74432205
85108533
12
30765676
62076592
89
94296906
99623355
59
20683070
32584646
9
16910331
42046810
32
32766476
41325024
86
90152002
99869846
73
86687348
94216015
54
82513621
96235592
65
45178316
68058632
4
57415800
89530047
21
24034386
32117648
100
15298618
80776230
87
37319923
73899188
79
12373435
53704763
81
80720266
92733664
30
30885242
63087008
94
84872499
93779491
20
79279413
79464128
53
46838147
99832272
63
56489669
87105729
54
64460928
88035030
41
94604089
95281772
31
76902691
81150998
33
29726970
64040025
48
13608046
48504642
63
59311919
86616950
52
47628925
56685555
6
71670410
85203129
71
92457620
97250640
29
14783036
66127030
2
39920025
86754499
50
75249032
88587721
66
40769470
79906949
52
20916179
67922496
72
59591735
59786120
64
97802155
98422352
8
14527604
53414052
69
63663688
86162704
72
94837955
97323509
53
12905843
25021454
99
64803449
70980049
7
44981019
97658836
73
74803913
85573838
49
48446925
50249781
44
16220486
74703675
12
77501516
99380761
3
40277748
62152952
90
47858083
84229109
37
72398187
84471959
19
78183158
80898033
5
27355980
62672431
14
58529243
74090956
62
34417639
81299865
30
12369146
70345099
70
97589483
98770332
3
83545449
89328453
19
32207148
87303149
42
41386362
63567426
51
73019889
79099691
98
16417151
80174978
62
76973998
80315679
22
49942827
77232690
91
28872890
57134538
6
61369131
74943339
77
92555942
98130822
10
52404568
85070060
86
81170488
93404599
83
59936643
88113040
17
77820680
78304252
32
25584220
88132693
89
96407397
99188789
61
19767665
35824365
20
89925302
94053329
9
13589915
68214046
56
21465416
60098433
60
95082274
98347923
87
24370784
83903326
23
27133311
70587454
45
54322507
86322865
42
88933922
92416882
37
82582332
96812358
17
15307390
18452557
70
15182149
85991397
74
56353129
92083961
39
92628896
98003197
17
98361631
99106669
91
65126794
79056368
24
10763046
16633854
20
72331325
77341053
23
77036233
80691460
42
81998328
95075382
42
32329949
71642033
20
94094597
97109789
26
13503179
50432413
57
70034143
83307836
41
30612632
65369901
25
64914959
93495787
34
83369683
84063469
25
11280447
15393910
80
26462420
89669787
81
27841921
35209329
21
29452939
96807810
24
59406441
66337398
85
76700330
92626488
6
75702157
79521138
19
53288791
76426982
68
66980371
87534862
74
25532383
84886970
9
35332916
42000135
25
34716875
36319442
55
96968395
99967348
12
46276729
98672247
34
89240949
97716831
9
70109615
77823958
96
42408948
54593509
22
28334895
29078565
3
52277727
89310239
15
70384369
75581888
12
71780653
93062988
51
87350305
90015318
34
67275327
69313358
83
58432416
90014587
9
15762147
53025284
89
53291136
63649088
77
11979777
56337808
82
85797930
99127662
23
