1
60 1000 1
-529 -282 359 -992 -933 -896 -787 -613 877 130 -41 -730 -496 580 -726 -735 -9 -174 -529 500 625 -202 852 297 112 -747 506 526 841 -739 -713 -330 614 221 485 584 -450 -474 258 338 -289 -365 -967 79 -379 641 992 -877 -979 -676 -279 -949 -759 43 -976 -992 -290 -76 55 -466
20 22 517957
37 51 966383
53 59 1412252
58 60 985025
46 58 1334815
37 50 4569
21 24 725207
11 22 1120069
39 46 124158
60 60 374634
49 58 426618
40 53 924943
36 50 1065219
20 60 1544530
55 58 369935
31 60 722911
54 57 1319323
25 58 1370411
13 60 173386
30 45 1017187
20 39 393808
9 51 391670
8 31 833458
47 54 1488227
16 43 11212
28 52 987463
9 16 1545308
44 52 715290
10 57 764944
22 50 1338106
54 60 500239
8 50 1464413
36 38 1008194
13 35 671698
36 46 1459166
27 54 903050
19 26 213727
5 44 718068
44 54 1477142
26 40 44303
5 15 1531075
7 53 1556969
12 16 80475
47 56 89785
32 49 1098131
6 30 1205509
27 32 1466990
10 41 1013960
43 47 1330868
57 58 98373
19 44 956045
31 36 406549
17 47 76084
25 34 585883
25 39 472152
8 42 223482
39 45 1027584
2 46 1337226
21 30 1387120
30 37 369689
14 16 420670
52 58 1225535
52 54 1530603
31 49 969574
12 46 1013884
45 47 1027103
5 31 775946
4 9 594046
9 17 247585
30 53 197815
43 59 78792
4 25 754327
12 29 570580
58 58 630541
30 50 558280
34 49 1163368
49 50 1333415
30 42 397908
4 40 657356
49 53 600995
10 25 1387453
19 19 404951
56 58 212266
55 55 969636
52 55 645987
16 58 1293643
20 28 1055817
41 60 662400
38 46 128151
10 31 595178
8 23 1418401
19 36 575428
35 51 462907
42 55 266177
46 48 979055
44 60 1062864
16 44 908019
7 39 1228615
56 56 1391507
12 19 674394
42 60 1565980
9 24 1534662
10 27 1459208
28 58 883614
25 25 -6224
47 51 485983
17 56 1254963
36 55 957792
12 35 469448
3 38 371717
18 36 225698
18 39 1411219
36 45 402600
22 48 502702
56 60 1537397
32 32 619462
21 56 146612
26 44 307910
18 27 907796
40 56 1299723
27 46 101112
21 41 252209
2 39 80132
47 48 333700
1 4 324693
31 38 963730
9 36 981348
44 56 -10446
29 59 627759
33 38 517322
4 53 873931
33 41 875101
24 54 1517501
29 34 325996
37 59 373330
40 43 1566122
20 24 232498
48 48 976191
41 48 828851
2 24 1073363
22 60 315021
47 60 393446
7 46 816044
3 15 767615
33 34 398005
32 53 462689
35 36 92927
28 42 167514
1 9 884885
26 56 561427
16 51 994474
13 50 87061
22 40 1384960
14 36 1563789
36 40 674984
41 46 1333357
27 59 637782
26 38 964555
28 39 400379
4 51 651492
39 44 568176
36 47 1506666
41 47 419142
41 41 925161
15 16 965091
19 49 491357
48 58 500565
14 14 540655
48 57 233423
19 46 1096765
5 48 827091
5 27 1124146
7 48 1403251
28 29 877214
16 17 231218
41 53 761992
15 18 1255596
43 52 800943
6 52 1231701
53 54 918989
9 14 1308581
17 46 420996
30 58 832524
46 60 932132
25 45 1294800
46 50 741941
38 60 1230399
34 51 170252
37 37 1314588
51 54 41703
11 56 853401
58 59 497237
5 56 378099
21 51 1494456
7 34 317383
18 41 1427329
36 54 1056354
50 50 975001
11 36 144168
15 51 880577
11 58 380999
47 57 1366857
4 57 53993
7 45 68497
1 14 387118
33 54 1498610
17 22 1551488
21 35 93603
55 60 1487046
35 58 291528
6 59 1175184
10 12 635744
34 40 1547086
40 48 632438
54 55 1167324
44 51 684357
6 55 614017
35 57 1237707
57 59 311539
50 57 277942
25 49 834501
14 27 324512
59 60 242857
19 50 400142
13 31 838793
23 24 1008116
43 58 930163
25 29 362315
42 58 1255216
22 45 1219958
22 47 65100
13 37 719820
22 32 45861
22 59 1527521
39 49 830614
55 57 399536
45 46 302028
25 41 284056
15 48 102835
47 49 787335
14 19 1496189
36 44 186527
57 57 1264116
36 48 602997
12 53 98894
46 59 2960
28 44 197583
50 51 1224884
9 15 576253
21 33 1413532
4 4 362792
18 43 737845
39 50 128343
1 51 500203
38 49 1330431
40 51 692808
48 54 569685
11 31 1084614
34 52 926542
19 33 1279169
4 55 1406443
23 50 908143
30 51 1392027
6 19 1434853
13 32 335379
9 20 817953
33 53 1040736
28 36 400862
22 25 1313027
33 35 570931
32 35 351091
40 52 1233443
37 40 459018
12 36 506795
20 42 839756
18 48 196637
47 58 433016
46 49 995520
6 31 299311
1 32 1119736
52 60 572937
8 49 327797
23 40 349297
4 47 1128208
3 27 1190484
40 47 134685
53 57 171741
38 47 1080491
5 50 411914
44 55 826895
7 59 1121350
26 42 327901
5 58 1139412
36 41 337587
29 52 456440
7 31 482518
12 32 805353
54 59 517682
34 37 989650
21 42 227536
53 55 1066379
51 52 400455
27 55 344338
30 56 821435
35 54 905390
44 49 426396
16 53 282530
28 50 1094869
23 43 456399
41 56 1559417
22 31 817055
41 44 1106452
26 35 1395193
43 57 478546
16 40 1248771
3 31 1552875
10 53 988259
19 45 1358178
42 45 1238564
33 43 1540060
37 43 1234110
37 56 392817
9 27 1271189
34 50 1248718
59 59 498222
11 44 720574
3 10 618477
24 38 102778
45 53 51599
15 46 125457
22 56 1440595
36 56 672652
35 46 1059811
24 51 1480362
46 56 1316799
36 51 956612
18 58 981092
5 33 1108130
52 56 1474371
50 58 893225
30 38 375858
7 41 794727
4 36 489068
8 15 1013325
12 38 27534
22 38 186638
7 12 857694
35 42 1059720
8 14 1389528
3 40 -1582
35 40 1538375
53 53 38303
25 53 289016
26 49 413733
26 32 977258
12 18 236888
2 11 1071193
41 43 1519565
21 39 1523090
43 56 758080
49 54 1070961
40 58 420790
15 49 1426268
13 16 503052
34 60 1076355
51 51 183410
47 47 684622
54 54 1541104
14 48 1246385
13 22 316769
11 51 1279174
51 56 1388877
9 47 1525986
11 11 1076736
33 36 61196
6 16 1349446
18 37 1534873
24 45 1106310
36 57 1388718
27 45 1010214
22 22 793091
35 53 834307
16 31 1457597
36 59 1560583
14 24 1162985
27 47 555754
26 53 896661
47 52 272615
21 49 1464900
24 56 869383
16 19 713569
55 59 729552
18 55 1530375
44 50 1414996
13 38 664698
39 56 293170
39 53 841767
57 60 837552
22 53 1213352
24 57 388962
20 37 1120555
25 32 674870
16 59 32877
6 20 750268
34 56 226901
8 28 64655
54 58 675824
26 28 201061
28 60 1293432
31 54 1135536
20 55 1532164
33 37 870535
20 32 982054
24 28 240454
7 19 942611
24 52 301698
2 41 1464503
28 31 805765
3 3 728699
29 35 1223714
31 35 1247578
24 29 870487
6 42 1373580
30 32 1499266
49 56 1203556
2 51 452845
25 46 1230134
27 38 1302891
26 33 606448
15 41 336009
39 59 990990
19 21 1485444
42 43 1057435
16 36 1511371
10 50 227460
13 49 858789
27 43 82735
38 53 104999
5 32 1135591
11 48 1219908
44 48 468871
10 36 446521
7 28 110351
37 55 903332
13 13 716946
32 58 92526
31 58 146703
27 44 968293
33 52 1035387
24 33 689815
51 58 607774
43 48 1136978
30 34 188564
34 34 875306
17 28 595374
13 33 779923
26 50 1116010
19 38 854456
31 41 256322
17 34 940246
37 53 278879
16 32 1339158
4 28 1355346
20 33 1091914
8 48 427405
7 42 934185
5 17 1312309
26 45 1543403
22 39 228927
41 45 1123376
2 38 833939
56 57 749168
2 8 1546197
22 57 322079
1 23 226416
41 42 870699
39 51 587605
25 42 925562
27 27 824564
48 59 826999
5 26 1370730
8 38 783973
13 15 667055
3 39 899068
24 39 155309
18 33 1472774
1 57 1177264
45 45 850380
29 47 1282540
35 60 616055
28 56 352937
16 23 413424
28 45 1133656
48 55 1079009
46 54 900844
18 46 657367
11 28 1121697
6 17 495615
24 31 456381
42 44 1461922
8 9 414797
24 27 599246
45 49 889996
6 39 606064
40 44 742747
38 54 1047238
6 26 126730
14 52 1130978
7 18 868770
37 39 1236595
55 56 476712
6 41 222334
32 37 94404
32 38 380761
35 50 711345
1 60 619474
52 59 1472817
1 12 19337
32 54 136217
7 9 136288
54 56 1378132
47 55 1525888
38 59 873403
18 47 1294462
45 58 434537
43 45 1129173
48 60 -4670
47 59 1266387
25 30 684807
3 45 144770
3 37 48063
22 26 343070
27 33 237096
16 39 1200662
11 42 1106386
23 34 795278
40 42 834341
40 54 1532177
35 49 65264
22 55 1232897
27 50 127964
17 51 205037
35 44 1505113
32 45 1436692
9 60 2903
17 53 790026
18 22 975505
12 41 297570
49 52 1128950
8 53 1192382
33 42 1504238
23 54 98421
42 57 951953
56 59 1548796
11 30 731021
25 48 1537350
43 55 537699
36 60 1310003
50 56 1510255
4 11 4966
14 50 889987
20 43 1169489
19 48 1248492
1 58 374840
1 55 1390033
23 55 491346
6 28 1376918
46 53 308798
45 50 864541
51 53 833531
2 55 1492523
28 28 58691
12 26 770527
17 32 1328673
7 11 1443545
20 36 1085968
51 57 1364753
24 47 189444
23 23 411449
43 54 165996
15 54 202178
13 43 160566
27 60 137867
29 48 574173
28 53 1538285
29 45 807960
17 45 140950
19 27 827402
44 59 1184749
32 43 983442
25 51 1266135
13 48 1093876
29 54 1047208
19 51 11269
33 56 962513
3 32 592703
42 54 86970
12 13 1036058
41 55 1383047
19 32 166215
25 31 1186228
38 44 1309218
9 22 450300
32 55 518030
22 24 799987
21 27 745650
1 15 128270
24 53 1004526
4 30 479716
18 51 281571
30 30 230262
10 52 1024408
12 60 34051
5 40 1130380
18 38 527200
1 47 1234130
24 32 1088117
3 22 1289713
3 46 999091
33 50 1194318
18 60 978127
20 48 278132
8 21 1084243
15 22 753195
12 51 904985
4 39 144847
3 12 1254811
3 52 266345
29 33 72813
20 56 1193568
1 7 799726
49 51 1416429
18 21 863151
30 48 1313233
45 56 1196490
37 42 151955
14 37 441839
12 47 1128259
4 35 1080381
53 56 1156421
25 47 956903
23 44 157853
9 31 740057
43 53 1467058
52 53 288770
15 59 942166
41 58 861086
16 27 231054
35 55 1234027
44 46 1475472
11 41 843156
16 16 908758
42 50 769964
44 58 44916
14 30 1106030
12 27 1502755
19 42 606041
50 52 119056
4 42 46037
24 43 725487
6 8 464356
46 51 459897
2 3 16735
35 52 1208471
34 39 1189582
27 28 798020
8 52 1300638
34 41 1070018
41 59 387827
48 51 1227765
5 7 497969
32 52 1056238
12 30 1418245
46 57 330876
20 31 158307
44 45 282500
10 54 1221758
39 40 392953
13 51 1489348
27 57 980969
32 48 1036159
32 34 357029
25 40 1288889
28 43 1088743
15 24 1545571
28 34 343969
14 38 878906
45 55 1215225
23 41 898563
13 18 711690
53 58 45327
13 26 1367233
4 10 653640
19 54 1372727
6 21 1032992
17 31 1462540
42 47 641930
13 45 1068356
31 53 826492
4 22 207758
27 40 1121829
36 37 2567
6 48 1238313
7 33 15158
23 60 150095
27 51 290982
9 11 1354452
4 46 1257420
46 46 1263153
3 59 1495056
3 41 813322
25 28 632553
34 59 863297
13 17 1521081
42 59 1418949
45 54 1085336
7 37 671153
30 55 247414
50 53 988642
11 26 1051152
9 41 1533900
17 57 -8205
6 32 650132
30 40 252687
23 27 642804
9 40 589305
13 59 548677
3 48 1207415
35 37 435647
21 46 1504018
26 60 1193114
2 12 724163
26 31 746514
23 36 1179447
51 59 172875
13 30 1164218
4 48 813833
26 55 1419834
17 59 1549531
20 57 849556
16 42 1083980
14 59 1327022
8 24 622967
13 27 753250
1 26 1496356
23 26 818888
12 43 1266
37 48 1541257
50 55 1262445
39 41 1198181
24 35 993786
53 60 1021176
40 40 954740
35 38 599372
22 58 844289
29 36 694364
14 60 993531
20 45 1088628
1 30 584822
40 57 694972
10 21 579313
38 51 154873
24 42 83907
38 41 1494163
23 32 1312583
17 21 989321
4 12 215212
9 45 550726
49 49 47389
33 57 532245
2 29 1319520
33 39 435627
2 54 354032
15 40 1262597
11 15 250709
3 50 117913
7 55 1187626
8 58 149324
15 32 836133
21 21 836163
24 30 401630
48 53 339946
19 31 904558
11 37 276718
14 51 1132941
32 46 65390
33 47 1178032
15 44 165968
31 55 1273908
7 32 204835
49 55 1248469
1 43 1166148
10 37 1429099
15 15 269810
8 32 502378
3 21 1036690
7 44 411132
42 48 651813
5 38 114812
7 57 1336605
30 41 488616
12 34 506991
37 45 102003
51 55 136801
26 46 1315195
24 46 452119
31 45 640937
18 18 692277
17 30 1487555
38 52 1044257
42 52 300717
14 56 602649
6 43 644689
45 48 574976
18 57 1124571
7 26 1373588
4 41 989569
39 39 382258
34 55 86408
40 60 1461953
32 40 372529
1 22 780390
38 48 254846
23 29 309780
11 47 706106
37 58 518761
18 59 1162690
31 39 1347816
43 51 204137
25 43 493447
28 48 754180
30 44 1270320
4 44 928003
2 28 1356207
41 54 800099
39 57 1437579
1 52 1464412
21 26 222676
12 20 368270
11 29 197120
28 37 921
42 49 585017
34 43 952130
44 47 1052852
18 31 185239
13 42 15653
38 58 717806
21 60 380333
20 27 320576
31 33 989544
14 35 1369239
40 45 416037
32 60 594706
47 50 718368
10 49 1152271
3 24 371049
36 39 17393
22 49 633317
7 47 536235
7 52 1543897
31 42 632476
26 48 381510
11 16 594087
15 56 1517150
24 34 611537
2 6 1275512
48 56 801096
1 44 974025
2 49 793886
15 53 794350
48 49 450724
36 42 1185257
8 12 1123357
38 55 87873
17 41 531157
10 33 1512383
17 19 1140103
12 40 200773
4 31 175861
15 42 969603
1 11 735530
14 25 222871
43 49 773841
17 54 1524329
31 31 33327
18 20 362570
25 52 1111578
32 47 1409440
16 50 641354
52 57 569411
11 50 1028201
5 5 821593
2 18 1180668
22 34 1386928
50 60 270450
16 18 318518
37 57 1162885
7 15 463696
23 56 1181089
4 38 356101
36 53 605376
39 55 446644
31 51 779310
11 57 1530166
7 30 311169
7 29 632038
40 49 678030
12 17 1484359
6 45 150350
2 19 1129170
6 11 467815
13 47 1208892
37 44 751448
14 57 1087282
26 34 900020
3 56 1102073
10 56 998623
30 46 174906
38 43 943983
30 59 335130
5 14 1286670
31 43 935821
3 30 718682
36 43 1165089
3 33 1023697
27 37 55871
5 54 1248174
3 28 1038956
45 60 292732
38 39 1272391
11 13 884348
21 58 758449
48 52 19035
11 17 1362445
2 56 463125
34 57 776157
27 41 921151
26 27 91053
10 48 193091
37 60 437301
24 59 890478
16 46 72556
10 26 168613
38 42 100958
22 43 738199
4 21 835515
38 57 869399
50 54 256939
42 46 727873
49 59 908699
34 48 708259
14 33 801804
13 19 283986
22 36 901932
1 21 511532
9 26 164323
23 51 109370
24 49 1095025
40 46 1062088
27 35 813380
6 29 246059
27 53 1515754
10 47 1537532
35 39 1010342
21 47 261404
30 36 750462
21 50 682641
37 49 39665
10 39 1164757
28 30 1329041
46 52 879068
5 55 1510188
19 39 96315
23 25 -1043
23 39 1088420
3 58 322753
7 49 648952
23 58 14752
9 38 1384708
18 45 480824
15 38 1118192
42 42 739267
27 39 485617
27 49 639017
25 26 1104459
33 33 120264
11 39 808759
31 37 1545807
37 38 122383
29 40 70878
43 44 1250423
6 38 674096
15 50 1282833
26 36 811763
29 39 130575
42 51 1286678
52 52 1231910
22 42 1223553
14 28 389565
28 35 1268882
