224 224 203 191 191 190 183 183 170 163 162 157 155 155 150 149 138 134 130 128 122 122 122 118 117 114 114 105 104 101 97 97 95 93 93 92 87 87 85 84 81 77 77 76 71 69 69 66 64 64 63 59 56 54 54 51 48 45 44 43 42 42 36 36 36 35 33 33 32 30 28 28 24 21 21 20 18 18 18 15 14 13 11 10 9 9 8 8 8 7 7 6 2 2 1 1 0 0 0 -1 
197 196 179 178 177 168 166 165 162 161 149 148 148 147 146 144 143 142 137 136 135 134 133 133 132 131 130 126 121 118 117 116 116 116 115 115 115 114 114 114 114 113 112 111 105 105 104 104 103 102 101 99 98 98 98 97 97 96 95 95 94 90 86 86 85 85 85 85 84 84 83 83 82 81 81 80 80 80 79 79 79 79 78 73 73 72 72 72 71 70 69 67 66 66 66 65 63 63 63 62 
259 259 259 253 253 242 242 236 236 226 220 220 215 215 209 205 205 203 203 201 201 199 199 198 198 195 195 195 193 189 188 187 187 186 182 182 181 181 180 179 179 179 177 175 175 173 173 171 170 167 166 165 162 162 161 161 160 158 157 156 156 155 154 151 149 149 149 147 146 145 145 144 144 143 142 141 141 140 140 139 139 139 138 135 135 135 134 133 133 129 128 127 126 125 125 125 125 123 123 121 
279 273 273 272 266 237 234 231 230 230 227 224 224 223 223 223 221 217 217 217 216 215 211 211 210 210 208 204 201 195 191 185 185 184 182 181 179 178 178 174 174 173 172 171 170 169 167 166 166 165 165 165 163 162 162 159 159 159 159 159 155 155 153 152 152 149 148 146 145 144 142 141 139 139 139 139 137 137 135 134 133 133 133 133 132 129 129 128 127 126 126 122 122 121 120 120 119 117 116 114 
38 2 0 -13 -14 -27 -30 -36 -45 -49 -50 -52 -53 -63 -66 -68 -78 -79 -81 -88 -89 -91 -103 -104 -105 -111 -113 -114 -115 -121 -126 -126 -127 -130 -140 -141 -143 -149 -149 -151 -153 -156 -157 -162 -163 -164 -166 -168 -171 -173 -176 -177 -178 -179 -179 -179 -187 -191 -194 -194 -194 -200 -202 -204 -205 -209 -209 -213 -214 -214 -216 -217 -217 -217 -220 -227 -228 -230 -231 -232 -239 -240 -240 -242 -243 -244 -245 -247 -247 -252 -252 -253 -254 -255 -256 -259 -260 -261 -262 -266 
290 285 257 257 245 244 244 244 244 243 242 239 238 236 235 231 230 228 223 221 220 212 211 211 211 207 199 199 198 198 197 197 196 192 192 192 191 191 190 190 190 189 189 186 185 185 184 182 182 177 175 174 174 172 170 169 166 166 165 165 164 164 163 163 162 161 161 160 160 158 158 157 155 153 153 153 153 152 152 152 151 150 150 148 148 146 145 145 145 145 144 144 144 143 143 143 142 142 141 141 
114 96 89 82 79 78 71 64 61 61 60 50 47 46 45 43 43 36 32 29 28 27 25 25 20 18 18 15 14 13 13 10 9 7 1 0 -3 -3 -4 -5 -6 -8 -9 -16 -17 -17 -17 -18 -19 -21 -21 -22 -23 -24 -26 -26 -28 -31 -31 -32 -33 -35 -35 -36 -37 -39 -41 -41 -42 -43 -44 -44 -44 -44 -46 -48 -49 -49 -49 -50 -51 -51 -51 -52 -53 -54 -55 -56 -58 -59 -60 -61 -63 -67 -68 -69 -69 -70 -70 -71 
293 292 286 280 276 276 274 274 270 269 263 262 261 258 257 257 253 253 252 245 244 244 244 240 239 236 229 227 223 222 222 222 218 218 218 214 213 212 211 209 208 207 205 205 203 203 202 201 201 201 201 199 199 199 198 197 197 197 197 196 195 195 194 191 191 190 190 190 190 188 187 186 186 185 185 184 184 183 183 183 182 182 182 181 180 179 179 179 179 178 178 178 178 178 177 177 176 175 174 174 
253 248 205 199 196 196 192 192 188 183 182 181 179 179 175 173 172 170 168 167 166 166 161 158 157 155 155 154 153 149 149 149 149 146 146 144 143 143 142 142 142 141 140 140 140 137 137 136 135 134 132 132 131 130 129 128 128 128 128 126 124 124 123 123 123 120 118 117 116 116 116 115 114 114 114 111 111 110 110 110 109 108 105 105 105 105 104 102 102 101 101 99 99 98 98 96 95 93 93 92 
531 531 508 491 491 481 468 459 459 453 436 431 424 419 419 417 415 415 413 409 403 401 396 396 393 393 392 386 384 381 381 381 375 375 374 373 370 367 363 362 361 359 358 356 353 353 352 352 352 346 346 345 343 343 341 341 341 337 333 333 331 331 330 329 325 324 324 321 321 320 320 318 318 318 318 316 316 315 312 312 312 309 309 308 306 303 303 303 302 302 301 298 297 297 295 295 293 293 291 290 
