224 203 191 190 183 170 169 163 162 157 155 155 150 149 142 138 136 134 134 130 129 129 128 128 128 122 122 122 121 118 117 116 114 114 109 108 107 107 105 104 101 101 101 100 97 97 96 95 95 95 94 94 94 93 93 92 89 88 88 87 87 86 85 84 84 83 81 81 80 77 77 76 75 74 74 73 73 73 71 71 69 69 68 67 67 67 66 66 65 64 64 63 63 61 61 61 60 60 60 59 
197 196 179 178 178 177 168 167 166 165 162 161 161 149 148 148 147 147 146 144 143 143 142 137 136 136 135 134 133 133 133 132 132 131 130 130 126 121 120 118 117 116 116 115 115 115 115 115 114 114 114 114 114 114 113 113 113 112 112 111 105 105 104 104 104 103 102 102 101 101 101 100 99 98 98 98 98 98 97 97 97 97 97 96 96 96 95 95 95 94 90 89 87 87 86 86 86 86 86 85 
259 253 242 236 236 230 226 221 220 215 209 205 204 203 203 203 201 199 198 198 197 197 195 195 193 192 189 188 187 187 186 182 182 181 181 181 180 180 179 178 177 176 175 175 174 173 172 172 171 171 170 167 166 166 165 165 164 164 164 163 162 161 160 159 158 158 158 158 157 157 156 156 155 155 154 154 152 152 151 151 150 150 149 149 149 149 148 148 147 147 146 145 145 144 144 144 143 143 143 142 
279 273 272 266 237 234 231 230 230 228 227 224 224 223 223 221 217 217 216 215 211 210 208 204 201 195 192 191 189 186 185 185 185 184 182 181 179 179 178 178 178 175 174 174 173 172 172 171 170 169 168 168 167 166 166 166 165 165 163 162 162 161 159 159 159 159 159 155 155 153 152 152 149 148 147 146 146 145 144 143 142 142 141 140 140 140 139 139 139 137 137 136 136 136 135 135 134 133 133 133 
38 2 0 -13 -14 -27 -30 -36 -45 -49 -50 -51 -52 -52 -53 -63 -65 -65 -66 -68 -78 -79 -81 -81 -82 -83 -87 -88 -88 -89 -90 -91 -95 -96 -97 -101 -101 -103 -103 -104 -104 -104 -105 -110 -111 -113 -114 -115 -116 -117 -117 -117 -118 -118 -119 -119 -120 -120 -121 -126 -126 -127 -130 -131 -132 -133 -133 -133 -134 -135 -135 -136 -139 -140 -140 -141 -141 -142 -142 -143 -143 -146 -146 -147 -148 -148 -149 -149 -151 -152 -153 -153 -154 -155 -155 -155 -156 -156 -156 -156 
290 285 257 252 245 244 244 244 243 242 239 238 236 235 233 231 230 228 226 223 221 220 215 212 211 211 209 207 207 206 204 199 198 198 197 196 194 193 192 192 192 191 191 190 190 190 189 189 188 187 187 186 185 185 185 184 182 182 182 180 180 177 177 175 175 174 174 174 172 172 171 170 169 168 166 166 166 166 165 165 164 163 163 163 163 162 161 161 161 160 160 159 159 158 158 158 157 157 156 155 
114 96 89 82 79 78 71 64 61 61 60 57 54 53 50 47 46 45 43 43 39 36 36 35 32 29 29 28 27 26 25 25 25 22 21 20 18 18 18 15 14 13 13 11 11 10 9 8 7 7 4 4 3 2 1 1 0 0 0 -3 -3 -4 -5 -5 -6 -6 -7 -7 -7 -8 -8 -9 -10 -10 -11 -12 -14 -14 -15 -16 -17 -17 -17 -17 -18 -18 -19 -19 -21 -21 -22 -23 -23 -24 -24 -25 -25 -26 -26 -26 
293 292 286 280 276 275 274 274 270 269 263 262 261 258 257 257 253 253 252 245 244 244 244 241 240 239 236 235 229 227 227 223 222 222 221 218 218 217 214 213 212 211 211 209 208 207 205 205 204 203 203 202 201 201 201 200 199 199 199 198 197 197 197 196 196 195 195 194 194 192 191 191 190 190 190 190 188 187 187 186 186 186 185 185 184 184 184 183 183 183 182 182 182 181 181 180 180 179 179 179 
253 248 205 199 196 192 188 183 182 181 179 179 175 173 172 170 168 167 166 166 166 161 159 158 157 157 155 154 153 153 150 149 149 149 149 146 145 144 144 143 143 142 142 141 141 140 140 140 140 138 137 137 137 136 136 135 134 133 133 132 132 132 131 131 130 129 129 129 128 128 128 128 127 127 127 126 125 124 123 123 123 123 121 120 120 119 119 119 118 118 117 117 116 116 116 115 115 114 114 114 
531 508 491 481 476 468 459 453 436 436 431 424 419 417 415 413 409 404 403 401 396 396 393 392 386 384 381 381 375 374 373 370 369 367 364 363 362 361 360 359 358 356 353 352 352 352 348 346 346 345 343 341 341 341 339 338 337 333 333 331 331 330 330 329 329 329 326 325 324 324 324 321 321 320 320 320 318 318 318 316 315 312 312 312 310 310 309 308 308 307 306 303 303 302 302 301 301 301 301 298 
