1
3 3 0
2 2 3
3 4 5
4 5 5


1
10 10 640139946
513979486 628268391 459921292 780199081 142784138 503706480 931030985 218953197 78958812 348674741
35747840 341192691 296555446 183772068 349464579 368343312 358471565 239777232 935131715 589723256
917343961 106197040 556663065 40822543 970178497 306359333 7804716 990088617 106624996 971722213
821902614 34237743 734725571 596994553 277470991 439960219 755150029 822072805 381869880 998126638
507016341 602568033 469685720 927312639 773889077 34136872 265803404 657007651 439423783 692219246
582290653 697355666 681508355 447931016 205034980 745211422 693132153 412493154 938712512 479883411
620828724 997639385 876086108 978495196 194664654 744314091 143395480 371543791 556396178 479133631
690428508 294260634 65923259 8948412 147755993 413040157 997219946 353851162 667353339 718825127
767395542 927490408 543141758 799627344 594477075 526894481 649175392 23740877 134837213 477063846
767723961 975082700 244090051 340345545 840643189 572797247 944002891 12310949 403960293 319257193




1
10 10 325560564
132154139 515235599 347301416 393881368 319549205 37752315 828489140 921918324 290803665 411172168
147747852 322526948 565559075 605949378 724619765 449335974 943410693 71628192 691579168 116431174
606090620 735153254 586680059 496677175 706866370 29276510 73807358 959038682 35979380 140382670
367445762 249358860 774177861 166904120 383303726 842134541 19593813 994511003 390678869 976108492
740672843 351234475 711530094 761226656 85368685 134932620 34652217 230971604 684829570 722872568
86553245 144871653 330393996 407030638 982667661 33558727 334135851 636503496 206683442 670232113
717057594 430502394 839536815 907337754 171886663 350844673 81506307 633257095 816829925 431858428
210054038 622072995 584444748 731293100 450308002 878392886 59691742 689469846 815525227 664279438
523078012 226572048 954385091 666330076 836907118 698438529 12183793 144076319 273316370 808673123
195237530 856439582 372689531 452899661 196350330 990092994 281659601 285635777 814483387 426568226