10
10 10 100
-86 96 -10 -21 -82 -30 61 -35 -32 10
10 10 23
3 6 -95
1 5 -24
3 7 -31
5 5 -88
2 3 -59
6 6 64
9 9 -9
6 8 -97
5 10 3
10 10 100
-64 -1 -43 -11 -91 81 25 -50 -19 32
7 7 10
4 5 87
5 5 33
8 9 -30
9 10 50
4 8 -2
3 4 24
2 9 -98
8 10 -80
1 5 48
10 10 100
-80 -82 56 6 23 64 78 24 -54 75
7 10 93
6 8 -94
4 10 -49
7 9 -86
3 6 -72
1 8 -19
10 10 -81
3 10 -63
6 9 -24
9 9 92
10 10 100
-7 45 -97 -49 -42 -82 84 -2 88 9
3 3 -17
6 10 -78
7 9 -20
4 5 -49
10 10 47
8 8 28
1 3 43
5 9 -64
1 7 -38
2 6 -99
10 10 100
-36 -90 -51 -65 -52 -91 -17 16 -87 -86
2 9 -69
8 10 -78
10 10 -78
9 9 4
7 7 55
1 3 28
8 8 -84
3 7 -73
6 8 0
4 6 -82
10 10 100
-78 5 -76 19 38 6 -71 99 24 -23
3 6 36
5 6 20
5 8 -44
7 7 48
7 10 -48
1 9 45
2 7 68
1 2 32
3 3 73
9 10 69
10 10 100
18 -69 -36 32 -35 -50 -25 -53 -73 64
6 6 -70
5 7 23
3 8 -50
8 9 -89
5 10 69
9 9 -58
6 8 97
7 10 6
2 10 -88
3 7 53
10 10 100
17 71 95 22 -63 -52 -18 -17 34 30
3 7 -82
4 9 -47
6 10 65
9 10 45
8 9 -67
1 10 21
5 6 76
2 5 55
6 7 58
4 4 -44
10 10 100
-13 13 39 -97 81 50 56 -67 -17 -91
6 9 87
1 1 22
8 9 -68
4 9 78
8 8 41
1 10 58
7 10 -12
9 10 40
1 4 91
5 5 -43
10 10 100
40 -74 55 -23 91 72 94 63 28 72
8 10 -32
3 9 -94
5 8 44
1 2 -90
5 10 -46
9 9 -60
2 7 87
7 9 -24
2 10 -30
9 10 -11
