90
1101100010
1111010000
1100101001
1011100100
1111010100
1100100101
1111100110
1111100101
1001001001
1100010101
1110001101
1000100010
1010101110
1000010010
1010100001
1100001101
1011011011
1111111100
1110110111
1101011101
1101100001
1001110010
1010100101
1010000000
1100011001
1010101011
1000111110
1101000101
1010100010
1001000100
1000011010
1101100010
1001100010
1101000111
1000010001
1101001001
1011010011
1001001011
1111111110
1110100101
1101101110
1101111010
1010001000
1100011001
1101010011
1000011010
1100011011
1000010100
1010001000
1001000010
1000110111
1010100001
1001000001
1011000000
1010110110
1001111011
1101111110
1001011010
1101010110
1101010001
1100001010
1111110011
1010100000
1011111100
1011011100
1001000001
1010101100
1010000110
1010000000
1110010101
1000010000
1001110011
1001110011
1000010111
1100111001
1001011110
1011010010
1010001001
1110001111
1000001001
1010110110
1010101111
1000110001
1110100101
1010110001
1010001111
1000000101
1100011111
1101101010
1001010110
