1
7
1 1 2 3 4 9999 9999 9999



10
-892245927 -89269677 79156059 120696191 128621394 257111640 294197892 320952763 340459582 623167004

1
20
340621857 801198024 -326668864 949952551 531843522 340817459 -35198362 -971642313 -449407818 -691976865 106878878 -171412504 -898978356 651034946 -295485611 -16114159 594032577 375111439 -426412449 571173039

2
3
2 4 6
4
-2 4 -2 4


2

20
-423759261 598016256 380161577 -349801 920177670 850850935 328003157 810222068 850917873 497875541 -959477905 -823602057 962246627 409290867 -341737002 458060550 72674676 -687339452 -281658626 151081168


