1
5 6
10 21 21 6 3 20 
5 20 30 30 20 34 
3 19 4 26 31 14 
27 1 13 10 33 33 
19 26 16 22 13 10 
8 9 10 19 2 
6 7 36 31 28 
1 31 20 21 19 
34 24 36 15 31 
28 11 35 8 15 
12 31 27 18 23


10
5 4
2 5 4 3 
9 5 8 5 
2 9 5 2 
7 7 9 1 
7 5 3 5
9 6 6 2 3 
5 6 8 2 8 
9 7 5 6 7 
5 9 7 5 4
4 5
8 1 13 1 10 
9 8 6 9 12 
15 19 4 3 3 
4 3 3 10 13 
1 4 17 3 
14 7 1 19 
18 7 7 10 
6 5 4 13 
5 5 3 8 
6 5
20 8 6 18 20 
9 15 1 4 5 
17 10 21 3 11 
17 11 16 22 17 
15 16 20 11 21 
14 22 13 24 22 
6 17 18 9 4 7 
16 9 15 13 4 13 
18 22 21 14 2 9 
5 11 21 21 2 19 
21 1 15 18 20 24 
5 6
10 21 21 6 3 20 
5 20 30 30 20 34 
3 19 4 26 31 14 
27 1 13 10 33 33 
19 26 16 22 13 10 
8 9 10 19 2 
6 7 36 31 28 
1 31 20 21 19 
34 24 36 15 31 
28 11 35 8 15 
12 31 27 18 23 
6 6
37 13 18 32 19 15 
5 39 21 1 6 23 
25 35 31 13 23 30 
5 22 2 2 8 17 
29 8 1 36 3 5 
12 2 24 25 22 35 
22 30 9 20 19 37 
29 16 33 21 17 31 
37 29 18 39 37 4 
19 24 27 15 38 4 
15 35 2 15 37 20 
22 3 26 21 20 7 
7 6
27 33 53 18 43 22 
6 17 52 18 50 42 
3 2 44 24 41 31 
46 8 21 30 9 1 
6 4 32 17 28 29 
12 25 7 15 43 52 
16 35 26 52 7 44 
5 54 4 43 44 7 2 
33 41 46 24 22 47 36 
18 42 53 9 56 51 43 
33 46 55 53 15 20 2 
37 16 38 25 5 44 6 
40 38 25 32 41 19 32 
6 7
82 49 75 16 2 97 8 
60 30 28 8 46 42 36 
56 58 29 10 14 41 89 
25 77 70 20 74 7 35 
60 40 91 69 98 95 85 
32 60 89 27 14 68 56 
51 98 24 96 75 5 
100 60 47 36 77 32 
41 15 47 34 61 9 
8 77 68 36 90 73 
59 83 27 49 20 7 
53 29 44 30 89 20 
17 14 59 80 49 29 
8 7
127 75 46 112 84 61 149 
164 131 99 190 89 20 66 
26 176 163 200 91 110 97 
98 62 192 138 173 27 140 
24 140 123 90 102 42 74 
100 151 192 205 57 151 56 
70 8 2 35 37 156 68 
201 161 162 161 95 119 131 
22 78 146 94 31 97 204 181 
74 158 52 171 12 25 65 124 
131 54 118 142 172 62 150 55 
54 83 90 95 39 151 128 183 
109 26 182 74 87 3 135 115 
101 33 101 95 93 18 41 52 
96 99 23 178 204 73 53 121 
8 8
284 162 16 133 120 170 334 168 
40 89 36 156 318 249 37 23 
305 193 140 26 84 72 48 77 
169 77 57 299 34 198 178 274 
184 7 144 20 224 262 210 1 
75 189 10 281 284 271 59 188 
144 255 322 180 105 93 138 134 
107 194 219 117 331 14 115 295 
308 192 280 76 124 230 76 60 
310 245 49 64 121 139 95 325 
306 180 117 332 181 186 332 213 
90 80 274 77 85 256 229 117 
134 195 222 22 291 274 241 66 
195 74 178 12 252 277 170 186 
286 231 250 249 258 278 159 51 
174 190 87 189 266 132 3 100 
10 9
493 673 538 227 420 168 823 426 785 
549 580 707 315 304 468 318 527 471 
459 504 469 298 615 252 81 477 339 
380 788 100 165 79 635 450 612 55 
169 543 795 422 458 752 384 531 156 
145 690 302 256 117 583 839 249 36 
47 375 248 371 633 85 32 455 673 
248 858 755 762 75 694 703 333 821 
397 402 55 279 396 625 859 445 396 
465 876 209 468 263 747 220 108 212 
154 229 786 156 606 667 334 292 556 708 
117 117 156 350 606 621 22 490 871 738 
487 772 353 144 533 126 648 665 716 774 
477 471 698 102 480 465 853 403 142 815 
290 195 239 444 535 243 648 65 814 682 
709 787 676 240 530 522 669 235 450 795 
737 856 572 624 678 18 787 445 723 125 
324 699 705 714 52 294 444 390 551 442 
205 802 55 68 74 631 43 495 771 292

1
6 5
20 8 6 18 20 
9 15 1 4 5 
17 10 21 3 11 
17 11 16 22 17 
15 16 20 11 21 
14 22 13 24 22 
6 17 18 9 4 7 
16 9 15 13 4 13 
18 22 21 14 2 9 
5 11 21 21 2 19 
21 1 15 18 20 24



1
3 2
1 1
1 1
1 1
5 1 1
5 1 1