10
7
37892 333804 256423 364434 541343 13173 162740
5
166173 117915 820395 902726 384941
10
275697 956025 681715 889821 521608 134265 754530 417693 220408 925583
6
766240 71776 50203 927187 336980 538373
7
42472 452250 228067 447056 59723 430786 121963
10
829822 939272 179950 698361 500086 281620 806281 867149 466624 724951
9
296813 655605 554434 594598 874105 547070 116290 529055 715479
9
400828 796511 994092 549559 227500 282149 67777 582400 172810
8
716813 604484 117847 190639 53203 642977 336609 853576
9
581071 371290 270780 385750 362850 910938 494544 997480 789923
