BBB 5 0 0 0 -1000000000
AAA 4 2 0 0 -1000000000
BBB 5 0 0 0 -1000000000
AAA 4 2 1 0 -1
BBB 5 0 0 0 -1000000000
BBB 5 0 1 0 0
AAA 4 2 2 0 -1
AAA 1 2 2 0 -2
BBB 9 0 0 0 -1000000000
AAA 8 2 0 0 -1000000000
BBB 7 0 0 0 -1000000000
AAA 6 1 0 0 -1000000000
AAA 8 1 0 0 -1000000000
BBB 9 0 0 0 -1000000000
BBB 9 0 0 2 -1000000000
AAA 8 2 0 1 -1
BBB 8 1 0 0 -1000000000
BBB 6 1 0 0 -1000000000
BBB 7 0 0 0 -1000000000
BBB 7 0 0 2 -1000000000
AAA 6 1 0 1 -1
BBB 6 0 0 0 0
BBB 7 0 0 0 -1000000000
BBB 7 0 0 1 0
BBB 7 0 0 2 -1000000000
AAA 6 1 0 2 3
AAA 8 1 0 2 4
AAA 8 1 0 3 -1000000000
BBB 9 0 0 0 -1000000000
BBB 9 0 0 1 0
BBB 9 0 0 2 -1000000000
AAA 8 2 0 2 4
BBB 4 2 0 0 -1000000000
BBB 5 0 0 0 -1000000000
BBB 5 0 1 0 0
AAA 4 2 1 0 -1
AAA 1 2 1 0 -2
BBB 1 2 1 0 -2
BBB 9 0 0 0 -1000000000
AAA 8 2 1 0 -1000000000
BBB 6 1 0 0 -1000000000
BBB 7 0 0 0 -1000000000
AAA 6 1 1 0 0
AAA 8 1 1 0 0
BBB 9 0 0 0 -1000000000
BBB 9 0 0 1 0
BBB 9 0 0 2 -1000000000
BBB 8 1 0 0 -1000000000
BBB 8 1 0 0 -1000000000
BBB 9 0 1 0 0
BBB 9 0 1 1 8
BBB 9 0 0 0 -1000000000
BBB 9 0 0 1 0
BBB 9 0 0 2 -1000000000
AAA 8 2 1 1 7
BBB 8 1 1 0 0
BBB 6 1 0 0 -1000000000
BBB 6 0 0 0 0
BBB 7 0 0 0 -1000000000
BBB 7 0 0 1 0
BBB 7 0 0 2 -1000000000
AAA 6 1 0 1 -1
BBB 6 1 0 2 3
BBB 8 0 0 0 0
BBB 8 0 0 2 -1000000000
BBB 8 0 0 3 -1000000000
BBB 6 1 1 0 0
BBB 7 0 0 0 -1000000000
BBB 7 0 0 1 0
BBB 7 0 0 2 -1000000000
BBB 6 0 0 0 0
BBB 6 0 0 0 0
BBB 7 0 1 0 0
BBB 7 0 1 1 6
BBB 7 0 0 0 -1000000000
BBB 7 0 0 1 0
BBB 7 0 0 2 -1000000000
AAA 6 1 1 1 5
BBB 6 0 1 0 0
BBB 7 0 0 0 -1000000000
BBB 7 0 0 1 0
BBB 7 0 0 2 -1000000000
BBB 6 0 0 0 0
BBB 6 0 0 2 -1000000000
BBB 6 0 0 3 -1000000000
BBB 7 0 1 0 0
BBB 7 0 1 1 6
BBB 7 0 1 2 -1000000000
AAA 6 1 1 2 9
AAA 8 1 1 2 10
BBB 8 0 1 2 -1000000000
BBB 6 1 1 1 5
BBB 6 1 1 2 9
BBB 8 0 1 2 -1000000000
BBB 6 1 1 1 5
BBB 6 1 1 2 9
AAA 8 1 1 3 -999999991
BBB 9 0 0 0 -1000000000
BBB 9 0 0 1 0
BBB 9 0 0 2 -1000000000
BBB 8 1 0 0 -1000000000
BBB 8 1 0 2 4
BBB 8 1 0 3 -1000000000
BBB 9 0 1 0 0
BBB 9 0 1 1 8
BBB 9 0 1 2 -1000000000
AAA 8 2 1 2 12
BBB 8 2 0 0 -1000000000
BBB 8 1 0 0 -1000000000
BBB 9 0 0 0 -1000000000
BBB 9 0 0 1 0
BBB 9 0 0 2 -1000000000
AAA 8 2 0 1 -1
BBB 8 2 0 2 4
BBB 4 2 0 0 -1000000000
AAA 1 2 0 0 -1000000000
BBB 1 2 0 0 -1000000000
BBB 9 0 0 0 -1000000000
BBB 9 0 1 0 0
AAA 8 2 2 0 0
BBB 6 1 0 0 -1000000000
BBB 6 1 1 0 0
BBB 7 0 0 0 -1000000000
BBB 7 0 1 0 0
AAA 6 1 2 0 0
AAA 8 1 2 0 0
BBB 9 0 0 0 -1000000000
BBB 9 0 0 1 0
BBB 9 0 0 2 -1000000000
BBB 8 1 1 0 0
BBB 8 1 1 0 0
BBB 9 0 1 0 0
BBB 9 0 1 1 8
BBB 9 0 1 2 -1000000000
BBB 9 0 0 0 -1000000000
BBB 9 0 0 1 0
BBB 9 0 0 2 -1000000000
BBB 8 1 0 0 -1000000000
BBB 8 1 0 0 -1000000000
BBB 9 0 2 0 0
BBB 9 0 1 0 0
BBB 9 0 1 1 8
BBB 9 0 1 2 -1000000000
AAA 8 2 2 1 7
BBB 8 1 2 0 0
BBB 6 1 0 0 -1000000000
BBB 6 0 0 0 0
BBB 7 0 0 0 -1000000000
BBB 7 0 0 1 0
BBB 7 0 0 2 -1000000000
AAA 6 1 0 1 -1
BBB 6 1 0 2 3
BBB 8 0 1 0 0
BBB 8 0 1 2 -1000000000
BBB 8 0 1 3 -1000000000
BBB 6 1 1 0 0
BBB 6 1 1 1 5
BBB 6 1 1 2 9
BBB 8 0 0 0 0
BBB 8 0 0 2 -1000000000
BBB 8 0 0 3 -1000000000
BBB 6 1 2 0 0
BBB 7 0 0 0 -1000000000
BBB 7 0 0 1 0
BBB 7 0 0 2 -1000000000
BBB 6 0 1 0 0
BBB 6 0 1 0 0
BBB 7 0 1 0 0
BBB 7 0 1 1 6
BBB 7 0 1 2 -1000000000
BBB 7 0 0 0 -1000000000
BBB 7 0 0 1 0
BBB 7 0 0 2 -1000000000
BBB 6 0 0 0 0
BBB 6 0 0 0 0
BBB 7 0 2 0 0
BBB 7 0 1 0 0
BBB 7 0 1 1 6
BBB 7 0 1 2 -1000000000
AAA 6 1 2 1 9
BBB 6 0 2 0 0
BBB 7 0 0 0 -1000000000
BBB 7 0 0 1 0
BBB 7 0 0 2 -1000000000
BBB 6 0 1 0 0
BBB 6 0 1 2 -1000000000
BBB 6 0 1 3 -1000000000
BBB 7 0 1 0 0
BBB 7 0 1 1 6
BBB 7 0 1 2 -1000000000
BBB 6 0 0 0 0
BBB 6 0 0 2 -1000000000
BBB 6 0 0 3 -1000000000
BBB 7 0 2 0 0
BBB 7 0 2 1 0
BBB 7 0 2 2 -1000000000
AAA 6 1 2 2 9
AAA 8 1 2 2 10
BBB 8 0 2 2 -1000000000
BBB 6 1 1 1 5
BBB 6 1 1 2 9
BBB 8 0 2 2 -1000000000
BBB 6 1 1 1 5
BBB 6 1 1 2 9
BBB 8 0 1 2 -1000000000
BBB 6 1 2 1 9
BBB 6 1 2 2 9
BBB 8 0 1 2 -1000000000
BBB 6 1 2 1 9
BBB 6 1 2 2 9
AAA 8 1 2 3 -999999991
BBB 9 0 0 0 -1000000000
BBB 9 0 0 1 0
BBB 9 0 0 2 -1000000000
BBB 8 1 1 0 0
BBB 8 1 1 2 10
BBB 8 1 1 3 -999999991
BBB 9 0 1 0 0
BBB 9 0 1 1 8
BBB 9 0 1 2 -1000000000
BBB 8 1 0 0 -1000000000
BBB 8 1 0 2 4
BBB 8 1 0 3 -1000000000
BBB 9 0 2 0 0
BBB 9 0 2 1 0
BBB 9 0 2 2 -1000000000
AAA 8 2 2 2 18
BBB 8 2 1 0 -1000000000
BBB 8 2 1 1 7
BBB 8 2 1 2 12
AAA 1 3 2 1 17
BBB 1 2 2 0 -2
BBB 3 0 0 0 -1000000000
AAA 1 1 2 0 -1
BBB 3 0 0 0 -1000000000
BBB 3 0 0 2 -1000000000
BBB 3 0 1 0 0
BBB 3 0 1 1 7
BBB 3 0 2 0 0
AAA 1 1 2 2 9
BBB 1 0 2 2 -1000000000
BBB 3 0 1 1 7
BBB 3 0 1 2 -1000000000
BBB 1 0 2 2 -1000000000
BBB 3 0 1 1 7
BBB 3 0 1 2 -1000000000
BBB 1 0 1 2 -1000000000
BBB 3 0 2 1 0
BBB 3 0 2 2 -1000000000
BBB 1 0 1 2 -1000000000
BBB 3 0 2 1 0
BBB 3 0 2 2 -1000000000
AAA 1 1 2 3 -999999993
BBB 4 2 0 0 -1000000000
BBB 2 0 0 0 -1000000000
AAA 4 1 0 0 -1000000000
BBB 5 0 0 0 -1000000000
BBB 5 0 0 2 -1000000000
AAA 4 2 0 1 -1
BBB 4 1 0 0 -1000000000
BBB 2 0 0 0 -1000000000
BBB 2 0 0 2 -1000000000
AAA 4 1 0 2 6
AAA 4 1 0 3 -1000000000
BBB 5 0 0 0 -1000000000
BBB 5 0 0 1 0
BBB 5 0 0 2 -1000000000
AAA 4 2 0 2 6
BBB 3 0 0 0 -1000000000
BBB 3 0 1 0 0
AAA 1 1 1 0 0
BBB 1 0 1 0 0
BBB 1 0 1 2 -1000000000
BBB 1 0 1 3 -1000000000
BBB 3 0 0 0 -1000000000
BBB 3 0 0 1 0
BBB 3 0 0 2 -1000000000
BBB 1 0 0 0 0
BBB 1 0 0 2 -1000000000
BBB 1 0 0 3 -1000000000
BBB 3 0 1 0 0
BBB 3 0 1 1 7
BBB 3 0 1 2 -1000000000
AAA 1 1 1 2 9
BBB 1 0 1 2 -1000000000
BBB 3 0 1 1 7
BBB 3 0 1 2 -1000000000
BBB 1 0 1 2 -1000000000
BBB 3 0 1 1 7
BBB 3 0 1 2 -1000000000
AAA 1 1 1 3 -999999993
BBB 5 0 0 0 -1000000000
BBB 5 0 1 0 0
AAA 4 2 1 0 -1000000000
BBB 2 0 0 0 -1000000000
AAA 4 1 1 0 0
BBB 5 0 0 0 -1000000000
BBB 5 0 0 1 0
BBB 5 0 0 2 -1000000000
BBB 4 1 0 0 -1000000000
BBB 4 1 0 0 -1000000000
BBB 5 0 1 0 0
BBB 5 0 1 1 11
BBB 5 0 0 0 -1000000000
BBB 5 0 0 1 0
BBB 5 0 0 2 -1000000000
AAA 4 2 1 1 10
BBB 4 1 1 0 0
BBB 2 0 0 0 -1000000000
BBB 2 0 0 1 0
BBB 2 0 0 2 -1000000000
BBB 4 0 0 0 0
BBB 4 0 0 2 -1000000000
BBB 4 0 0 3 -1000000000
BBB 2 0 1 0 0
BBB 2 0 1 1 14
AAA 4 1 1 2 20
BBB 4 0 1 2 -1000000000
BBB 2 0 1 1 14
BBB 2 0 1 2 -1000000000
BBB 4 0 1 2 -1000000000
BBB 2 0 1 1 14
BBB 2 0 1 2 -1000000000
AAA 4 1 1 3 -999999986
BBB 5 0 0 0 -1000000000
BBB 5 0 0 1 0
BBB 5 0 0 2 -1000000000
BBB 4 1 0 0 -1000000000
BBB 4 1 0 2 6
BBB 4 1 0 3 -1000000000
BBB 5 0 1 0 0
BBB 5 0 1 1 11
BBB 5 0 1 2 -1000000000
AAA 4 2 1 2 20
BBB 3 0 0 0 -1000000000
AAA 1 1 0 0 -1000000000
BBB 1 0 0 0 0
BBB 1 0 0 2 -1000000000
BBB 1 0 0 3 -1000000000
BBB 3 0 0 0 -1000000000
BBB 3 0 0 1 0
BBB 3 0 0 2 -1000000000
AAA 1 1 0 2 2
AAA 1 1 0 3 -1000000000
BBB 5 0 0 0 -1000000000
BBB 5 0 1 0 0
BBB 5 0 2 0 0
AAA 4 2 2 0 0
BBB 2 0 0 0 -1000000000
BBB 2 0 1 0 0
AAA 4 1 2 0 0
BBB 5 0 0 0 -1000000000
BBB 5 0 0 1 0
BBB 5 0 0 2 -1000000000
BBB 4 1 1 0 0
BBB 4 1 1 0 0
BBB 5 0 1 0 0
BBB 5 0 1 1 11
BBB 5 0 1 2 -1000000000
BBB 5 0 0 0 -1000000000
BBB 5 0 0 1 0
BBB 5 0 0 2 -1000000000
BBB 4 1 0 0 -1000000000
BBB 4 1 0 0 -1000000000
BBB 5 0 2 0 0
BBB 5 0 1 0 0
BBB 5 0 1 1 11
BBB 5 0 1 2 -1000000000
AAA 4 2 2 1 10
BBB 4 1 2 0 0
BBB 2 0 0 0 -1000000000
BBB 2 0 0 1 0
BBB 2 0 0 2 -1000000000
BBB 4 0 1 0 0
BBB 4 0 1 2 -1000000000
BBB 4 0 1 3 -1000000000
BBB 2 0 1 0 0
BBB 2 0 1 1 14
BBB 2 0 1 2 -1000000000
BBB 4 0 0 0 0
BBB 4 0 0 2 -1000000000
BBB 4 0 0 3 -1000000000
BBB 2 0 2 0 0
AAA 4 1 2 2 20
BBB 4 0 2 2 -1000000000
BBB 2 0 1 1 14
BBB 2 0 1 2 -1000000000
BBB 4 0 2 2 -1000000000
BBB 2 0 1 1 14
BBB 2 0 1 2 -1000000000
BBB 4 0 1 2 -1000000000
BBB 2 0 2 1 0
BBB 2 0 2 2 -1000000000
BBB 4 0 1 2 -1000000000
BBB 2 0 2 1 0
BBB 2 0 2 2 -1000000000
AAA 4 1 2 3 -999999986
BBB 5 0 0 0 -1000000000
BBB 5 0 0 1 0
BBB 5 0 0 2 -1000000000
BBB 4 1 1 0 0
BBB 4 1 1 2 20
BBB 4 1 1 3 -999999986
BBB 5 0 1 0 0
BBB 5 0 1 1 11
BBB 5 0 1 2 -1000000000
BBB 4 1 0 0 -1000000000
BBB 4 1 0 2 6
BBB 4 1 0 3 -1000000000
BBB 5 0 2 0 0
BBB 5 0 2 1 0
BBB 5 0 2 2 -1000000000
AAA 4 2 2 2 31
AAA 1 2 2 2 33
BBB 1 1 2 2 9
BBB 4 2 1 1 10
BBB 4 2 1 2 20
BBB 1 1 2 2 9
BBB 4 2 1 1 10
BBB 4 2 1 2 20
BBB 1 1 1 2 9
BBB 4 2 2 1 10
BBB 4 2 2 2 31
BBB 1 1 1 2 9
BBB 4 2 2 1 10
BBB 4 2 2 2 31
AAA 1 2 2 3 40
BBB 8 2 0 0 -1000000000
BBB 8 1 0 0 -1000000000
BBB 9 0 0 0 -1000000000
BBB 9 0 0 1 0
BBB 9 0 0 2 -1000000000
AAA 8 2 0 1 -1
BBB 8 2 0 2 4
BBB 1 2 1 0 -2
BBB 1 1 1 0 0
BBB 1 1 1 2 9
BBB 1 1 1 3 -999999993
BBB 4 2 0 0 -1000000000
BBB 4 1 0 0 -1000000000
BBB 5 0 0 0 -1000000000
BBB 5 0 0 1 0
BBB 5 0 0 2 -1000000000
AAA 4 2 0 1 -1
BBB 4 2 0 2 6
BBB 1 1 0 0 -1000000000
BBB 1 1 0 2 2
BBB 1 1 0 3 -1000000000
BBB 4 2 1 0 -1000000000
BBB 4 2 1 1 10
BBB 4 2 1 2 20
AAA 1 2 1 2 22
BBB 1 1 1 2 9
BBB 4 2 1 1 10
BBB 4 2 1 2 20
BBB 1 1 1 2 9
BBB 4 2 1 1 10
BBB 4 2 1 2 20
AAA 1 2 1 3 29
BBB 8 2 1 0 -1000000000
BBB 8 2 1 1 7
BBB 8 2 1 2 12
BBB 1 2 0 0 -1000000000
BBB 1 1 0 0 -1000000000
BBB 1 1 0 2 2
BBB 1 1 0 3 -1000000000
BBB 4 2 0 0 -1000000000
BBB 4 1 0 0 -1000000000
BBB 5 0 0 0 -1000000000
BBB 5 0 0 1 0
BBB 5 0 0 2 -1000000000
AAA 4 2 0 1 -1
BBB 4 2 0 2 6
AAA 1 2 0 2 8
AAA 1 2 0 3 -1000000000
BBB 8 2 2 0 0
BBB 8 2 2 1 7
BBB 8 2 2 2 18
AAA 1 3 2 2 44
BBB 1 2 2 2 33
BBB 8 2 1 1 7
BBB 8 2 1 2 12
BBB 1 2 2 2 33
BBB 8 2 1 1 7
BBB 8 2 1 2 12
BBB 1 2 1 2 22
BBB 8 2 2 1 7
BBB 8 2 2 2 18
BBB 1 2 1 2 22
BBB 8 2 2 1 7
BBB 8 2 2 2 18
AAA 1 3 2 3 45
Case #1: 45
