1
20 4
7 1
3 0
10 0
13 1
4 1
2 1
12 1
4 1
3 1
14 1
2 0
8 0
13 0
8 1
5 1
13 1
12 1
13 0
2 0
6 1

5 3
2 1
2 0
2 0
3 0
3 1

20 4
7 1
3 0
10 0
13 1
4 1
2 1
12 1
4 1
3 1
14 1
2 0
8 0
13 0
8 1
5 1
13 1
12 1
13 0
2 0
6 1

########
2 1 5 0
2 0 10 1
2 0 18 2
3 0 1 3
3 1 8 4
4 1 4 5
4 1 7 6
5 1 14 7
6 1 19 8
7 1 0 9
8 0 11 10
8 1 13 11
10 0 2 12
12 1 6 13
12 1 16 14
13 1 3 15
13 0 12 16
13 1 15 17
13 0 17 18
14 1 9 19
#########

k 0 5
k 1 7
k 2 7
k 3 4
k 4 7
k 5 4
k 6 6
k 7 7
k 8 7
k 9 4
k 10 6
k 11 6
i 11 l 0 x 4



6 2
6 1
9 1
5 0
3 1
4 0
8 1


3 1
4 0
5 0
6 1
8 1
9 1
















2 1
1 1
1 0


