100
10 2
1100001111
10 9
1111000001
10 3
0110000011
10 9
1110011001
10 10
0101100010
10 9
0010100101
10 7
0011010000
10 5
1110011011
10 1
1011110000
10 0
0111010101
10 6
1000110011
10 9
0011110011
10 8
1101111001
10 2
1011111111
10 6
1101000011
10 0
1110111110
10 8
0110111111
10 10
0011010101
10 9
1010110000
10 3
0111111000
10 0
0110000010
10 5
1100011000
10 2
1111101010
10 6
0101100000
10 10
1110101000
10 5
0010011101
10 3
1000101011
10 9
1011110100
10 9
1101110100
10 3
1010001011
10 10
1001100111
10 10
1100011011
10 1
1010100001
10 5
0000001110
10 0
0010011010
10 5
0100101111
10 3
1001010001
10 10
0111010010
10 0
0100010101
10 10
0011011111
10 1
1101111000
10 9
0101000100
10 5
0000001111
10 3
1001000010
10 2
0101111011
10 3
1101100000
10 0
1101110111
10 1
0111100011
10 8
0100010011
10 4
0111011101
10 5
1011110001
10 5
1011000100
10 5
1000001111
10 6
1101001111
10 3
1110001001
10 5
0100000011
10 8
1001011010
10 0
0011111000
10 4
1000111010
10 4
1011101101
10 6
0011010110
10 0
1101000001
10 7
0010001011
10 2
0001110111
10 9
0000101101
10 1
0111000100
10 8
1101100110
10 4
1011111100
10 2
0001100001
10 10
0011001000
10 5
0100110111
10 2
0000111010
10 4
0100100000
10 5
0100010010
10 8
1010010110
10 4
1110011101
10 9
0010011111
10 10
1110000101
10 1
1100100000
10 4
1101011101
10 2
1101110101
10 8
1010011000
10 8
0100101010
10 6
0000100111
10 3
1111110001
10 2
1000001011
10 5
0100010011
10 7
1111010101
10 1
1010000001
10 4
0011001110
10 6
0000000011
10 6
1011000011
10 3
1101110110
10 7
1111001100
10 10
0110011001
10 3
0011110010
10 10
0011011011
10 3
0100000001
10 2
1111010010
10 9
0110110000
