100
7
13 1 63 80 78 71 6
98 4 26 100 76 50 100
63
4
86 41 98 75
61 28 1 23
55
10
15 86 8 99 47 14 4 31 27 1
49 81 77 14 75 11 43 32 56 51
71
8
27 31 31 61 62 34 61 6
55 41 39 34 33 47 30 10
28
7
35 83 36 76 58 1 66
20 60 96 46 52 82 83
66
7
35 60 54 33 25 38 90
29 48 39 13 86 9 99
93
7
29 38 8 22 80 84 55
85 82 56 65 39 50 14
2
5
48 19 50 53 36
10 68 59 20 14
27
5
71 34 97 26 97
16 9 16 89 69
86
10
48 83 69 29 63 75 76 92 10 88
44 49 37 100 29 83 84 68 15 6
71
2
89 77
6 90
5
10
58 64 63 83 47 44 78 6 87 95
84 60 38 54 6 44 5 64 14 42
58
2
77 87
22 59
63
8
8 83 6 65 30 28 21 62
47 48 49 49 20 38 13 64
46
4
53 38 5 50
34 74 10 36
68
10
55 96 43 59 33 99 68 47 88 25
58 28 53 17 39 15 46 7 79 17
6
5
96 81 43 99 5
84 74 100 56 1
99
6
95 16 40 66 94 71
92 6 56 46 24 43
76
3
39 57 83
94 88 57
100
9
15 21 53 35 63 86 94 84 90
77 67 94 71 28 36 31 68 13
7
5
30 19 99 63 54
5 17 68 10 43
51
8
70 9 54 82 13 96 34 73
31 99 45 45 62 18 74 52
9
8
28 83 66 31 43 5 6 86
74 38 59 24 91 25 37 46
54
7
32 73 100 28 2 88 45
69 71 84 10 21 65 20
23
5
50 8 26 31 23
40 11 27 99 81
55
7
42 82 51 75 95 50 86
51 7 65 5 69 2 57
48
8
32 9 43 57 79 8 21 68
86 93 8 87 34 30 82 60
30
9
52 78 56 73 36 52 84 85 14
32 83 13 68 93 17 73 72 13
100
7
33 50 8 50 13 70 64
37 56 60 1 78 21 70
94
2
63 75
25 14
22
2
16 39
59 87
17
4
53 5 57 80
33 90 52 44
52
9
30 41 36 35 10 82 18 54 87
88 66 93 97 44 11 7 14 16
12
7
85 43 8 54 93 98 34
9 52 84 57 26 11 86
58
7
23 40 96 82 76 4 77
82 76 6 17 84 83 88
57
5
42 8 80 48 56
14 5 54 33 40
29
6
50 16 37 79 85 68
74 36 9 23 31 99
39
4
68 61 98 84
100 65 26 68
15
9
32 9 33 50 16 43 51 64 11
96 16 48 80 51 12 44 96 27
95
10
34 83 21 10 6 37 27 54 3 3
70 96 78 38 29 49 66 28 78 22
98
9
69 86 34 70 82 78 34 58 83
36 40 56 93 86 81 77 99 31
29
8
32 14 22 39 89 65 24 66
98 40 34 34 42 31 6 14
89
2
26 80
41 9
93
5
63 7 53 3 38
33 20 84 4 71
23
9
93 2 62 25 84 7 29 83 45
60 81 38 41 16 78 67 95 69
60
2
40 38
50 77
13
9
3 70 71 3 26 27 34 84 48
98 93 44 51 65 29 51 81 30
16
6
36 79 39 36 3 52
78 38 59 5 56 73
53
4
2 64 54 82
27 76 53 65
78
7
92 4 73 64 76 59 10
95 70 43 33 73 25 91
92
4
30 66 98 47
23 29 52 94
1
9
79 49 45 22 26 36 70 93 35
48 21 26 38 79 25 21 34 99
31
7
22 84 75 43 96 61 50
1 83 31 15 14 36 8
6
8
12 7 38 92 48 25 7 97
10 58 56 27 99 50 44 72
80
3
62 10 91
8 16 14
32
9
26 48 36 56 7 12 23 32 13
84 6 57 30 11 81 89 74 72
96
7
39 98 77 32 99 89 56
26 13 45 76 60 85 88
34
5
20 5 82 94 50
51 47 1 71 19
48
10
14 96 18 33 38 70 80 89 74 35
19 50 17 38 13 38 71 1 9 1
37
3
82 12 22
13 87 19
15
7
99 82 62 38 19 66 92
10 90 30 82 63 29 91
14
9
55 98 80 32 46 72 47 31 43
99 97 43 77 20 94 59 66 80
12
5
69 76 12 17 21
50 63 44 97 80
54
3
17 88 11
12 83 85
47
4
57 56 4 91
76 23 68 19
66
9
33 18 4 24 15 30 76 83 77
66 3 80 82 86 16 98 90 24
45
5
67 21 53 95 64
50 26 82 58 75
50
2
16 86
58 41
31
10
83 27 30 1 26 18 43 62 50 92
77 88 18 69 32 42 14 33 61 74
12
9
12 68 75 13 43 23 18 37 85
22 85 23 61 63 1 40 85 72
94
6
20 69 20 57 81 44
32 35 46 98 90 53
54
4
12 2 93 69
14 100 24 69
82
7
66 89 93 76 75 11 21
29 6 85 68 74 100 34
77
8
88 32 17 69 30 47 78 76
41 60 25 39 6 12 1 38
78
5
17 52 89 72 24
66 5 51 61 9
81
5
96 27 75 40 4
62 48 48 84 33
43
10
11 67 81 92 1 43 81 2 62 100
64 43 64 82 55 8 87 66 70 50
25
2
45 71
66 27
22
10
76 39 10 89 24 82 40 62 61 36
80 63 58 66 61 57 31 22 4 45
69
7
81 60 51 87 18 49 82
1 33 20 93 47 89 19
31
10
85 7 52 2 43 44 82 41 52 35
63 12 39 33 82 28 98 43 20 38
39
8
83 33 22 75 77 35 6 7
39 9 23 22 68 62 91 49
86
2
79 51
25 56
81
8
80 98 87 78 95 35 56 35
33 31 20 3 40 39 3 64
77
4
68 89 97 53
51 39 44 67
3
4
55 2 41 81
42 10 90 9
66
3
66 64 8
78 67 21
36
3
14 9 13
45 86 70
85
6
1 13 76 75 21 7
100 98 86 19 52 89
24
5
53 87 71 91 27
93 1 12 41 19
21
4
82 88 35 74
84 18 70 85
85
9
28 90 51 86 27 19 40 68 12
4 35 33 62 39 34 1 80 32
33
6
20 27 9 6 21 38
97 30 8 94 57 42
60
5
82 45 98 29 44
7 50 12 13 5
10
2
12 100
61 84
5
9
35 71 16 97 4 95 36 95 53
21 51 22 31 83 84 18 38 76
33
7
20 53 93 28 10 73 88
20 31 42 36 3 52 67
50
6
2 87 37 10 91 52
99 84 60 19 65 47
67
8
26 78 23 13 39 86 91 19
41 71 48 74 83 85 41 54
36
7
12 82 72 93 28 47 72
89 83 55 77 77 22 100
79
